Gene	mean_adj_r_sq	max_adj_r_sq	mean_cor	cor_value	cor_pvalue	cor_padj_BH
ENST00000670626.1	0.33817796161146	0.44433815561372	0.0431597675377478	-0.985550677215057	0.00208047051693321	0.0726445407947657
ENST00000665175.1	0.261346384822255	0.349677422801431	0.217015860197878	0.367851610082659	0.542425024542993	0.64920160417744
ENST00000666076.1	0.253547488914329	0.368639937527352	0.234410732156383	-0.0366338288933846	0.953366795397385	0.97913346554326
ENST00000667630.1	0.246359295075532	0.280568660556346	0.239316089785433	-0.116662242459029	0.851798648624061	0.902163467098927
ENST00000656693.1	0.239808042486251	0.303031737326159	0.32437802549587	-0.848949817252618	0.0688529504196294	0.220265106114751
ENST00000653497.1	0.228204978724466	0.282241200010668	0.0486913709733245	-0.834018432658637	0.0791232521779881	0.231843250795269
ENST00000669509.1	0.19192770283096	0.276563458702413	0.113889523789116	-0.888005404706311	0.0442278482863975	0.192075226843784
ENST00000523427.2	0.167018329439785	0.21742217327049	0.0107479094754916	0.12243515659971	0.844501070367993	0.902163467098927
ENST00000521951.1	0.161237956351431	0.237647162988547	-0.0487850171710252	-0.262107478683276	0.670135946908978	0.74897547007474
ENST00000671092.1	0.160473241088096	0.185584608428372	0.197287113050058	-0.490148513335855	0.401900398265178	0.546207834557681
ENST00000658242.1	0.158321941901146	0.189553588494974	-0.00591622322883327	-0.398657170337732	0.506199081908903	0.635886450001267
ENST00000652492.1	0.146474320282932	0.232006408635681	0.000401706829556078	-0.00299922697319565	0.996181271339249	0.997807913331423
ENST00000664924.1	0.141483274572837	0.235874270907007	0.200826418666567	-0.627215260030623	0.257397907926444	0.426224170089468
ENST00000521122.2	0.138370021119142	0.231713267094579	0.265973184041127	-0.856079303382428	0.0641082214149628	0.220265106114751
ENST00000659326.1	0.137744743396529	0.255878677699092	-0.00629498469978449	-0.370680852273432	0.539077320623535	0.64920160417744
ENST00000689722.1	0.136532960104498	0.202038319487313	-0.0492461511380997	-0.644124068950576	0.240778940694933	0.412269697867947
ENST00000667418.1	0.126676389805666	0.1916097267963	0.116736934385981	-0.657066072314539	0.22826519572857	0.408191879420502
ENST00000656168.1	0.126447628011127	0.272115318896539	-0.000169037248431313	-0.929032027975422	0.0224517134300739	0.15148535407655
ENST00000660438.1	0.120584708550539	0.175380150452347	0.1837680546479	-0.798521191733373	0.105219618067159	0.253318357266588
ENST00000653406.1	0.117150116520885	0.160761923035929	0.091115777365027	-0.987241122658043	0.0017267109257806	0.0726445407947657
ENST00000652695.1	0.112963030817645	0.147383609650043	0.167557056751805	0.283218796769858	0.644275228402266	0.725406183089959
ENST00000659666.1	0.0971829948542637	0.130663022692103	-0.0151612410548211	0.00172166169404372	0.997807913331423	0.997807913331423
ENST00000658840.1	0.0955929464039083	0.190385517871631	0.0125042275980431	-0.483288257053588	0.409530691118808	0.550873142035919
ENST00000668619.1	0.0925956520923281	0.134248292216646	0.058630975224644	-0.739065797874568	0.153587414371806	0.324240097007146
ENST00000654324.1	0.0912960541198035	0.171726551976453	0.0101575165876755	-0.286873468363441	0.639815005542283	0.725406183089959
ENST00000652993.1	0.0893234341836184	0.102606010395701	0.145460271926224	0.597766593382025	0.287034286200323	0.464140547898394
ENST00000667149.1	0.0890929121141051	0.179309199457701	0.140978266260951	-0.551441476107794	0.335298186218673	0.480804946275833
ENST00000669272.1	0.0880407564219817	0.142390825186444	0.174774305646317	-0.900045291004225	0.0373609400086774	0.18473565887957
ENST00000669407.2	0.0869845268635419	0.135536239009198	0.134694255445142	-0.691644361625217	0.195761206147497	0.376654472587589
ENST00000664214.1	0.0834728477760439	0.110852177244641	-0.0215312440636016	0.325276380748229	0.593269031499092	0.693668406060477
ENST00000651587.1	0.0811935354499669	0.171702673583579	0.0736310512809556	-0.872573846448566	0.0535477868594744	0.217820905500968
ENST00000670009.1	0.0800554392840118	0.171588912598454	0.13483965869386	-0.974224588250151	0.00494829979604604	0.0835712854443332
ENST00000656411.1	0.0776390666199332	0.143656701939044	0.257989084242812	-0.62380878724311	0.260781893541582	0.426224170089468
ENST00000657112.1	0.0762003167090036	0.149874684716996	0.118265912547095	-0.803577366950812	0.101366039770715	0.253318357266588
ENST00000659892.1	0.0734730293760039	0.102464546483675	0.165269262525195	-0.933197658557407	0.0205173414164209	0.150651753790782
ENST00000663753.1	0.0711878098023664	0.195463090385355	0.0792463241867163	-0.743549400622943	0.149755947843654	0.320604282707542
ENST00000670602.1	0.0678397988075263	0.110649729196194	0.161609844427287	-0.74558771219366	0.148023494653531	0.320604282707542
ENST00000652883.1	0.0678201666232787	0.149835901931345	0.0877022958889138	-0.891068317255752	0.0424461785894263	0.192073864449756
ENST00000653990.1	0.0620238556856744	0.12254978650582	0.17814631644314	-0.899565182199644	0.0376276422873121	0.18473565887957
ENST00000665856.1	0.0607382434483871	0.110236590844589	0.0326813420049096	-0.943210848260815	0.0161063624907884	0.139266086574475
ENST00000522414.2	0.0606895816681233	0.193154694600933	0.0253206245058773	-0.835364996539196	0.0781790487268433	0.231843250795269
ENST00000662766.1	0.0550811438750414	0.0814464263102924	0.0374727031526093	-0.355806367344886	0.556722258454095	0.661107681914238
ENST00000657693.1	0.054761000030818	0.167192184335479	0.0728795022265088	-0.954200131000109	0.0116848710690296	0.130307019273379
ENST00000657451.1	0.0545233966086102	0.100905492599488	0.124906285012818	-0.648950057577073	0.236091315663598	0.412269697867947
ENST00000658158.1	0.0544792373442465	0.143963870425281	0.119812476051849	-0.794484887698156	0.108326929094265	0.253318357266588
ENST00000664995.1	0.0543887795937956	0.118488865992241	0.219979772679908	-0.847904545048838	0.0695574019309739	0.220265106114751
ENST00000655594.1	0.0537515187180576	0.0974568190127421	-0.0143058116382344	-0.708718925303361	0.180240331263324	0.351237568615709
ENST00000513868.6	0.0502180681582663	0.0937441911312354	0.00308354423608437	-0.845167709378019	0.0714123815133819	0.221524122245593
ENST00000669132.1	0.0479657363846689	0.0847228784823533	0.104167561839295	-0.715385356346244	0.174280751713322	0.34478189938636
ENST00000669416.1	0.047391927914282	0.10467280587262	-0.0169323918902564	-0.932551401879379	0.0208137291421475	0.150651753790782
ENST00000657356.1	0.0434041283800797	0.0845118394054062	-0.101416054765565	-0.643491986564116	0.241394757304259	0.412269697867947
ENST00000658350.1	0.0413230627583898	0.0872839500311862	0.10698859388399	-0.833745870901302	0.0793147963246974	0.231843250795269
ENST00000665721.1	0.0410192113861145	0.1049940098775	-0.00765744853293707	-0.731007820091483	0.160543705408233	0.334282783863718
ENST00000670223.1	0.0405953934129215	0.137736600024753	0.0436313550043101	-0.943550933151245	0.0159627283226801	0.139266086574475
ENST00000667539.1	0.0329767351023223	0.100258228242074	0.101954101786763	-0.573422487014538	0.312158236087071	0.47262880438404
ENST00000668098.1	0.0327061095893102	0.045403143125522	0.15927365566594	-0.890174168426554	0.0429638907321824	0.192073864449756
ENST00000666776.1	0.0316818466319328	0.065455693017635	-0.0412256088519646	0.0904667348175647	0.884971487078403	0.921340178328201
ENST00000520913.2	0.0285105753960594	0.0695291120189244	0.124100884462824	-0.818957813188958	0.0899173190216201	0.248498772568841
ENST00000656077.1	0.0275071093902759	0.170456187875913	-0.0545165914762317	-0.387909243325596	0.518780935031853	0.642668985081006
ENST00000656402.1	0.0257915413679351	0.0683106061812472	0.127497549282657	0.57704785081654	0.308382443260473	0.47262880438404
ENST00000658065.1	0.0248406488458337	0.0965919949831657	0.0301358999714263	-0.95337133216502	0.0120019623014954	0.130307019273379
ENST00000658429.1	0.0234570620162473	0.0850838419051234	0.0295864309192508	-0.678137015497525	0.208292182705497	0.390869281126365
ENST00000653522.1	0.0230726655137281	0.087250832991975	0.0143296470628393	-0.686599199758209	0.200416093564346	0.380790577772256
ENST00000667714.1	0.0223294695100778	0.114977885404067	0.076360729003759	-0.983768344981774	0.00247638311962357	0.0726445407947657
ENST00000657596.1	0.0210737725197865	0.0876185630131702	0.142214640055848	-0.563337359596074	0.322723100985055	0.47262880438404
ENST00000667204.1	0.0200916409092428	0.0539657018178772	0.156799776632626	-0.118999568907021	0.848843404475551	0.902163467098927
ENST00000657449.1	0.0199097389571188	0.0739404434539755	-0.0310474882946336	-0.86063837532576	0.061130111910828	0.220265106114751
ENST00000663059.1	0.0124432436821078	0.0461563772348241	0.171660655711879	-0.797478659400775	0.106019581438191	0.253318357266588
ENST00000666147.1	0.0120264962347353	0.0716466076479133	0.130415784073254	-0.346875974069225	0.567367842579734	0.66852645017147
ENST00000668479.1	0.0115062301128588	0.184882095162958	0.0738041055467174	-0.507171277584961	0.383113776992401	0.529393582753136
ENST00000670204.1	0.00900731440021121	0.0558657081597244	0.112272698197339	-0.956658384329308	0.0107608787850642	0.130307019273379
ENST00000523068.2	0.00698858133589513	0.108697124285966	0.114408535449873	-0.982098162045149	0.00286754766295128	0.0726445407947657
ENST00000517838.6	0.00581619433582634	0.0237507847275744	-0.131199825124922	0.566080528796361	0.319840602581865	0.47262880438404
ENST00000701558.1	0.00392636972202907	0.0931406159037905	0.0544693462195546	-0.471785466959464	0.422398549869021	0.553487755000786
ENST00000660200.1	0.00308600834411425	0.0668827118324502	-0.108568356969348	-0.855758858883396	0.0643192035420139	0.220265106114751
ENST00000656396.1	0.00175650793370825	0.118206134258254	0.0309707092449862	-0.523026430180432	0.365810864692621	0.514844920678504
ENST00000650846.1	4.8619703719277e-06	0.0457406028343883	0.142535347931854	-0.489636316594621	0.402468930726712	0.546207834557681
ENST00000657289.1	-0.000274618821222483	0.0471058058673696	0.0712207679555145	-0.868820840161525	0.0558979095896976	0.217820905500968
ENST00000661988.1	-0.00320239367066306	0.00903386210808366	0.219117492963188	-0.518682378025793	0.37053238733282	0.516705714445768
ENST00000653853.1	-0.00330321519745749	0.0489102492660606	0.0814229691584398	-0.643931450849506	0.240966556686389	0.412269697867947
ENST00000668215.1	-0.00422098684706635	0.0651415336596426	-0.0218712728896964	-0.421324885501425	0.479875686220107	0.612950456348372
ENST00000666777.1	-0.00422397267745325	0.0405851154307227	-0.00764252050056775	-0.74988920887973	0.144386926498637	0.318069751127432
ENST00000656999.1	-0.00505008028456162	0.0511212406962374	0.0168274677588706	-0.295710288350685	0.629051583883782	0.718916095867179
ENST00000651568.1	-0.00526455751369626	0.0496129734970024	0.0156902909329353	-0.803441466535424	0.101469045404392	0.253318357266588
ENST00000655783.1	-0.00618412360569116	0.0568380815432326	-0.0538645587559459	-0.962337286785642	0.00872433715346046	0.120554477029635
ENST00000518528.2	-0.0075865772381279	0.029811931153733	0.0161924139389072	-0.786017823874876	0.114932955991132	0.264694080464425
ENST00000665737.1	-0.00780354671477819	0.0221277450467594	0.0162487727799297	0.0387322478543865	0.950696903546084	0.97913346554326
ENST00000692980.1	-0.0093199985835662	0.0529254469054051	0.0311004609523535	0.553928154381714	0.33265955947384	0.480804946275833
ENST00000657517.1	-0.0125332479321076	0.0259884430291959	0.00788298831184245	-0.796033779205976	0.107131300070346	0.253318357266588
ENST00000665698.1	-0.0138411859254722	0.0593147365724805	-0.00608103431736111	-0.782191476922248	0.117956557033069	0.267602935358605
ENST00000667305.1	-0.0164368003041733	0.0922396935953553	-0.036486314135421	-0.98914724033846	0.00135498933797549	0.0726445407947657
ENST00000654105.1	-0.017205579899524	0.0570538229814512	0.00598565051501587	-0.942302526013369	0.0164920365680299	0.139266086574475
ENST00000666452.1	-0.0196228005374486	0.0348620908366097	0.0224158445532733	0.631393910513126	0.253263102799855	0.426224170089468
ENST00000522875.5	-0.020842375314336	0.0664777639790933	-0.0356299300356303	-0.899477614901725	0.0376763514820176	0.18473565887957
ENST00000522963.6	-0.0213283493351031	0.0534040736166302	0.0183984710768529	-0.414345631089243	0.487949034540928	0.618068777085176
ENST00000664610.1	-0.0218923749312855	0.154250750670337	0.0245690639839099	-0.917131708702286	0.028277636139302	0.165365831533063
ENST00000663461.1	-0.0224415512622775	0.0896520222955033	-0.079068821717923	-0.85090194159317	0.0675433259890795	0.220265106114751
ENST00000657667.1	-0.0260910738090705	0.00864350621864096	0.073162610439886	-0.849876153183497	0.0682305223904251	0.220265106114751
ENST00000664299.1	-0.0264212429950277	0.0624353316634688	-0.0193876589236318	-0.945764736491029	0.0150380489464076	0.139266086574475
ENST00000661205.1	-0.0264457240181404	0.0735122863949487	-0.0727131185943499	-0.933279872916021	0.0204797349342112	0.150651753790782
ENST00000660631.1	-0.0273525341535749	0.0374514036298016	-0.043166849526575	0.563642176488051	0.322402478569773	0.47262880438404
ENST00000523190.7	-0.0282449250326334	0.0576085034379091	-0.0109755421306137	-0.917114715186886	0.0282862606569712	0.165365831533063
ENST00000668123.1	-0.0317912722042459	0.0362396998305272	-0.037338745786651	-0.975406800818537	0.00461262113122403	0.0835712854443332
ENST00000664265.1	-0.0323074148258916	0.0896359778485911	-0.0311964612015313	-0.928036834392473	0.0229221259457938	0.15148535407655
ENST00000524165.6	-0.0334859167491091	0.00306168473794222	-0.0822460398320995	-0.109691945698535	0.860616465324634	0.902163467098927
ENST00000517790.2	-0.0356612194634749	0.0114079663843445	0.0496478661131357	-0.988896846756636	0.00140209916196843	0.0726445407947657
ENST00000657297.1	-0.0366163159997368	0.00963561763380594	-0.214891152068119	-0.367873435525055	0.542399184087252	0.64920160417744
ENST00000660781.1	-0.038631001540236	0.0117444263341314	-0.034126089699172	-0.451633750489536	0.445157339264456	0.578324064685447
ENST00000702532.1	-0.0421463293306675	0.0634969177519877	-0.0555596229923304	-0.423624698033435	0.477221629652045	0.612950456348372
ENST00000523328.6	-0.0466657190136142	-0.024693498693853	-0.0065815898441315	0.472917996252006	0.421127573229702	0.553487755000786
ENST00000690350.1	-0.0512106975186866	0.0276785562145454	-0.053221824743842	-0.479299298981137	0.41398264268072	0.551976856907627
ENST00000654091.1	-0.0539473824380515	0.0114762179122117	-0.17983933869823	-0.804946652185535	0.100329964908607	0.253318357266588
ENST00000650930.1	-0.0551339215751146	-0.0083479476751136	-0.0421604121645417	-0.375022736428494	0.533947705155687	0.64920160417744
ENST00000659912.1	-0.056730393395904	0.0428459666328959	-0.0410075967253252	-0.758281639165322	0.137369004833723	0.307060128451851
ENST00000664293.1	-0.0570349871387217	-0.00903363041106586	0.0961476316412706	-0.883348027403546	0.0469810882140596	0.198364594681585
ENST00000671587.1	-0.0583605043756669	0.0420553070055151	-0.00522244387079894	-0.976646846545159	0.0042689883201531	0.0835712854443332
ENST00000655148.1	-0.0584398613766083	-0.0224229998920811	0.0233734350790422	-0.157961197970893	0.799717107356154	0.868264287986682
ENST00000685634.1	-0.0591753320215404	-0.00634983509007037	-0.211820360172518	0.167346975998214	0.787925950155692	0.861616866357304
ENST00000655099.1	-0.0686885405595447	-0.039466364616807	-0.345724857429162	0.624569764182038	0.260024913393456	0.426224170089468
ENST00000662709.1	-0.0792418339994746	-0.0179426541357366	-0.129958630095077	-0.827841718422484	0.083498770245181	0.235033575504954
ENST00000660456.1	-0.0805247720693803	-0.0103745671190061	-0.047651141571587	-0.00298531172768762	0.996198988700786	0.997807913331423
ENST00000660912.1	-0.0843095018223661	-0.000263576993279058	0.0512010701906768	-0.809443262958126	0.0969504520871145	0.253318357266588
ENST00000659106.1	-0.0854836547182164	-0.0391319022715984	-0.135373563778712	-0.906680169382432	0.0337380709261193	0.183149527884648
ENST00000692433.1	-0.098507612090756	-0.0480287398008146	-0.132447943495613	-0.858904828072959	0.0622572906689946	0.220265106114751
ENST00000659625.1	-0.0989138848423448	-0.0613085952138084	-0.0727580487531893	-0.386824273381276	0.520054507664235	0.642668985081006
ENST00000662410.1	-0.10247964348261	-0.0908743896890507	-0.0747051372708824	-0.722074187451606	0.168359376696989	0.34478189938636
ENST00000657211.1	-0.11334940058531	-0.0819712723078347	-0.0576939179141214	-0.586325381118827	0.298774066102627	0.47262880438404
ENST00000670532.1	-0.131823558895473	-0.0941323659735951	-0.262221700224716	-0.563890873400705	0.322140945891923	0.47262880438404
ENST00000504719.7	NA	NA	NA	-0.825808843850321	0.174191156149679	0.34478189938636
ENST00000512617.7	NA	NA	NA	NA	NA	NA
ENST00000517525.2	NA	NA	NA	NA	NA	NA
ENST00000519481.6	NA	NA	NA	NA	NA	NA
ENST00000521600.5	NA	NA	NA	-0.894476089425758	0.105523910574242	0.253318357266588
ENST00000651664.1	NA	NA	NA	-0.973877762238585	0.0261222377614151	0.165365831533063
ENST00000652728.1	NA	NA	NA	NA	NA	NA
ENST00000652816.1	NA	NA	NA	0.962600386059714	0.174659251662827	0.34478189938636
ENST00000653608.1	NA	NA	NA	NA	NA	NA
ENST00000653845.1	NA	NA	NA	NA	NA	NA
ENST00000654369.1	NA	NA	NA	NA	NA	NA
ENST00000656491.1	NA	NA	NA	-0.303871618543004	0.696128381456996	0.772346817382945
ENST00000656532.1	NA	NA	NA	NA	NA	NA
ENST00000656880.1	NA	NA	NA	NA	NA	NA
ENST00000656948.1	NA	NA	NA	NA	NA	NA
ENST00000657183.1	NA	NA	NA	-0.992983955240225	0.0070160447597746	0.106643880348574
ENST00000657384.1	NA	NA	NA	NA	NA	NA
ENST00000657682.1	NA	NA	NA	NA	NA	NA
ENST00000657844.1	NA	NA	NA	NA	NA	NA
ENST00000657945.1	NA	NA	NA	0.381952393354454	0.750503656243117	0.826641708325752
ENST00000658305.1	NA	NA	NA	-0.943070467909351	0.215847053369853	0.395286170026718
ENST00000658556.1	NA	NA	NA	-0.959965491068861	0.0400345089311385	0.190163917422908
ENST00000660069.1	NA	NA	NA	-0.676720496577999	0.323279503422001	0.47262880438404
ENST00000660122.1	NA	NA	NA	NA	NA	NA
ENST00000660146.1	NA	NA	NA	NA	NA	NA
ENST00000660659.1	NA	NA	NA	-0.566088891703723	0.616911776607169	0.710383257911286
ENST00000660896.1	NA	NA	NA	NA	NA	NA
ENST00000661160.1	NA	NA	NA	NA	NA	NA
ENST00000661391.1	NA	NA	NA	NA	NA	NA
ENST00000661625.1	NA	NA	NA	NA	NA	NA
ENST00000661830.1	NA	NA	NA	NA	NA	NA
ENST00000662061.1	NA	NA	NA	-0.704119302893149	0.295880697106851	0.47262880438404
ENST00000662413.1	NA	NA	NA	0.65793771112255	0.34206228887745	0.485920260835256
ENST00000663715.2	NA	NA	NA	NA	NA	NA
ENST00000664139.1	NA	NA	NA	NA	NA	NA
ENST00000664742.1	NA	NA	NA	0.873738401827205	0.323377602999606	0.47262880438404
ENST00000665166.1	NA	NA	NA	NA	NA	NA
ENST00000665246.1	NA	NA	NA	NA	NA	NA
ENST00000665372.1	NA	NA	NA	-0.944588295355526	0.212922708561613	0.394685996358111
ENST00000666039.1	NA	NA	NA	NA	NA	NA
ENST00000666080.1	NA	NA	NA	NA	NA	NA
ENST00000666105.1	NA	NA	NA	0.222776636155425	0.856975880745589	0.902163467098927
ENST00000666223.1	NA	NA	NA	-0.969459988569351	0.0305400114306485	0.171928953239207
ENST00000666353.1	NA	NA	NA	NA	NA	NA
ENST00000666842.1	NA	NA	NA	NA	NA	NA
ENST00000666878.1	NA	NA	NA	NA	NA	NA
ENST00000668351.1	NA	NA	NA	NA	NA	NA
ENST00000668480.1	NA	NA	NA	NA	NA	NA
ENST00000669082.1	NA	NA	NA	-0.996060139474956	0.0565299024511292	0.217820905500968
ENST00000669951.1	NA	NA	NA	NA	NA	NA
ENST00000670535.1	NA	NA	NA	NA	NA	NA
ENST00000670714.1	NA	NA	NA	NA	NA	NA
ENST00000670795.1	NA	NA	NA	0.396630027901846	0.603369972098154	0.700093402739843
ENST00000671088.1	NA	NA	NA	NA	NA	NA
ENST00000685606.2	NA	NA	NA	NA	NA	NA
ENST00000690788.1	NA	NA	NA	-0.988620608741434	0.0961318569697334	0.253318357266588
ENST00000700930.1	NA	NA	NA	-0.774534539607612	0.225465460392388	0.407985118805273
ENST00000701700.1	NA	NA	NA	-0.991608053482303	0.0825335750471379	0.235033575504954
ENST00000701841.1	NA	NA	NA	-0.942678709078693	0.0573212909213073	0.217820905500968
ENST00000701958.1	NA	NA	NA	NA	NA	NA
ENST00000702405.1	NA	NA	NA	0.00454212761640599	0.995457872383594	0.997807913331423
