Gene	mean_raw_r_sq	best_raw_r_sq	mean_rmse	min_rmse	cor_value_R2_RMSE	cor_pvalue	cor_padj_BH
ENST00000667630.1	0.147090007212548	0.156202703129323	0.619390320206911	0.511304055500866	-0.51646492263827	0.372948155435632	0.895893778069645
ENST00000658840.1	-0.0174429836148429	0	0.643071904252815	0.586279726137601	0.217951027709209	0.724709087497304	0.973964927794396
ENST00000671092.1	-0.228328585364123	-0.000124836376965254	1.32907853420317	0.660461928658	0.304663067693124	0.618178313038883	0.973964927794396
ENST00000666076.1	0.0158946482941214	0.150649476874613	2.05931569369647	0.937572231145102	0.0286868998735145	0.963479714960711	0.973964927794396
ENST00000653853.1	-0.165796357958505	0	1.75572370835082	1.03262486362647	0.38272402681083	0.524873169338688	0.973964927794396
ENST00000656693.1	0.016585270175252	0.158230084570246	2.43219753910752	1.0706901369684	0.0284199560610381	0.963819459796538	0.973964927794396
ENST00000665175.1	0.0208826641208865	0.0463390974356089	2.68370015003751	1.13667863156505	-0.0382781469723081	0.951274653963714	0.973964927794396
ENST00000670626.1	-0.0222146194238192	0	3.23187656676451	2.24990372099701	0.072765932076827	0.907433363258543	0.973964927794396
ENST00000661988.1	-0.000310857385942764	0	3.08991416295059	2.53292104570098	NA	NA	NA
ENST00000657945.1	-0.0184465286479853	0	3.1856255920168	2.54824714546518	NA	NA	NA
ENST00000523068.2	-0.0137739502553456	0	3.4181839339996	2.69737519643743	NA	NA	NA
ENST00000667149.1	-0.0155526188525882	0	3.6748198207621	2.79879503422921	0.326354963163615	0.591970673887415	0.973964927794396
ENST00000667418.1	-0.0689622798084112	0.0136051195365626	3.8566167833115	2.82753342289608	0.114195358598402	0.854918587126673	0.973964927794396
ENST00000689722.1	-0.000744362026926915	0	4.25893475900638	2.94913628351614	NA	NA	NA
ENST00000663753.1	0	0	4.33124338383607	3.07221282253363	NA	NA	NA
ENST00000701558.1	0.00673999447241758	0.0737056667099695	3.91187787811544	3.11560320626857	-0.669602265560393	0.216321024997402	0.730276702926607
ENST00000504719.7	0	0	4.43892788664004	3.26541603438716	NA	NA	NA
ENST00000666105.1	-0.00104002836797759	0	3.96018082468199	3.2762099356788	NA	NA	NA
ENST00000670223.1	-0.00764164952525839	-0.0382082476262919	4.78101611965583	3.34453415244615	NA	NA	NA
ENST00000665372.1	-0.00627242991713448	0	3.67793814502532	3.3477725177499	NA	NA	NA
ENST00000650930.1	-0.13798447952181	-0.640463655935334	3.90855623283563	3.4481667336077	0.466718361278959	0.428095752518282	0.955748656785002
ENST00000655099.1	-0.0010015913097801	0	4.02560258250848	3.45028860282912	-0.241136847576346	0.695976965595377	0.973964927794396
ENST00000701841.1	-0.00346573347595673	0	3.8639048818906	3.5167125529807	NA	NA	NA
ENST00000668479.1	-0.0889465250989122	0	4.3423975400502	3.61895582341592	NA	NA	NA
ENST00000651664.1	0	0	4.27877901985057	3.66105666537663	NA	NA	NA
ENST00000671587.1	0.00904427623263666	0.0378404846107863	4.20222500154152	3.66866314912493	-0.880060813684179	0.0489557561466818	0.484556033008039
ENST00000658350.1	0.00633701228226089	0.00127666963322959	4.76707413140282	3.6789090060548	0.208647724364232	0.736281777393781	0.973964927794396
ENST00000666777.1	-0.00846528168979313	-0.0470258123424561	4.70725783157082	3.68570254442761	0.70874368001734	0.180218095511108	0.664358443089476
ENST00000701700.1	-0.0312255838899202	-0.0856076550952982	4.45664793664915	3.71196110880782	0.784899364135674	0.115814331082448	0.49931425502138
ENST00000523427.2	-0.0990810991654595	0.0196464125133353	4.44401468228143	3.78452987425707	-0.200984890944511	0.745831538262136	0.973964927794396
ENST00000650846.1	-0.0305962478033809	0	4.73915754280729	3.80360273734181	0.0683031052772824	0.913101453518508	0.973964927794396
ENST00000664299.1	-0.000310476537990168	-0.00155238268995084	4.40498206610304	3.81948561528178	NA	NA	NA
ENST00000654324.1	0.0213816403654623	0.0230397335837143	4.26603910670318	3.8321955355261	0.0141319155683647	0.982007285184002	0.982007285184002
ENST00000700930.1	0.000824750287547826	0	4.81010320402946	3.85371302094622	NA	NA	NA
ENST00000656402.1	-0.0328359652643919	0	4.43222196184267	3.88068291380333	0.33148272713762	0.585805088752967	0.973964927794396
ENST00000523328.6	-0.00638999209389635	-0.0319499604694817	4.94675340982723	3.89980333144104	NA	NA	NA
ENST00000652492.1	-0.000824273356801219	0	4.61502066441776	3.9444845675743	NA	NA	NA
ENST00000517790.2	-0.0226818947675585	-0.135238072839741	4.68865025831853	4.05425542955162	0.878471573006554	0.0499196018172042	0.484556033008039
ENST00000670532.1	0.0034115316983955	-0.0094468975672608	5.11786170718154	4.06649172162687	0.839142928825012	0.0755487734246442	0.49931425502138
ENST00000656999.1	-4.44089209850063e-17	-2.22044604925031e-16	5.08135958800779	4.12199478668554	NA	NA	NA
ENST00000665721.1	0	0	4.60286979900067	4.12510307259389	NA	NA	NA
ENST00000660200.1	0.00160112540706197	0.00642972243990836	4.77105819819723	4.1600405995962	-0.445813459621509	0.451779981785406	0.973964927794396
ENST00000659326.1	-0.000210236682532505	-0.00158295271157227	5.15193240808738	4.20093253536663	0.823928279849471	0.0863082163348959	0.49931425502138
ENST00000522963.6	-0.00780227774847322	0.00421437110747225	5.20597846020601	4.21636023878853	-0.110515693154223	0.859574014296303	0.973964927794396
ENST00000665698.1	-0.00628841284534043	0	5.087929240284	4.29149696596983	0.0337626981720945	0.957020166093156	0.973964927794396
ENST00000660912.1	-0.0351347064549376	-0.0564958987706534	5.16020720531724	4.29770668186739	0.5724128056362	0.313211902727876	0.850290160910865
ENST00000668619.1	0.0277781666230152	0.135671137941173	4.98920605766344	4.32330955668112	-0.988771676211394	0.00142584867508958	0.1368814728086
ENST00000692433.1	0.0170668192315763	0.0412589375895488	4.65447824219792	4.33174233834947	0.239083459010841	0.698514936415021	0.973964927794396
ENST00000669416.1	0	0	5.17403662447271	4.37058796531039	NA	NA	NA
ENST00000664265.1	0.00617666371886889	0.0169205909020761	5.40918801001893	4.37152988116863	-0.859187128612886	0.062073295844265	0.49658636675412
ENST00000656396.1	0.0319365832218772	0.0128260654578267	4.89069571266602	4.38266753304375	0.430814144686715	0.468945187194924	0.973964927794396
ENST00000522414.2	-0.032654386492101	0	5.41712502870859	4.42907469601212	-0.102199687390981	0.870102193308952	0.973964927794396
ENST00000664610.1	0	0	5.09510805875907	4.44173363546745	NA	NA	NA
ENST00000666452.1	-0.0156514985567497	0	5.81398009265443	4.54086509357865	NA	NA	NA
ENST00000521951.1	-0.00434860176590617	0	5.06212150777169	4.57672697689743	-0.872850530948127	0.0533757886792443	0.484556033008039
ENST00000651587.1	-0.00870300103485699	0	5.19450018798564	4.60188993554848	-0.0827096251235161	0.894811026000711	0.973964927794396
ENST00000692980.1	-0.00169054996934257	0	5.05009543183034	4.6070032281466	NA	NA	NA
ENST00000653406.1	-0.00153701963768138	0	5.51407391604489	4.62447865026722	NA	NA	NA
ENST00000657596.1	0	0	5.28840163604944	4.64312789596484	NA	NA	NA
ENST00000670204.1	0.00528109521716051	0.0438940829645921	5.51319595766169	4.6761104728772	-0.870351397106844	0.0549356471245155	0.484556033008039
ENST00000658242.1	0.00856970076840129	0.0524442311810576	5.44291589774303	4.6820874870051	-0.718557653020288	0.171465094584	0.658425963202559
ENST00000656168.1	-0.0189009316115492	0.00912911728041854	5.20546033368447	4.70547075256395	0.100767049257173	0.871916867321553	0.973964927794396
ENST00000658305.1	-0.00735719730239563	0	5.29913334042343	4.80289454371637	NA	NA	NA
ENST00000657211.1	-0.00485120774573695	-0.0148683928811004	5.49179647329959	4.80808219829387	0.0815761407625794	0.896249345840766	0.973964927794396
ENST00000668123.1	-0.0158440148292721	0	5.88284883847094	4.80948746977119	-0.543928120614179	0.343302126184376	0.867289581939475
ENST00000655148.1	-0.0478756148756528	0	5.09937034611268	4.81128804384307	-0.665085070793509	0.220604420675746	0.730276702926607
ENST00000660069.1	-0.0263663034668898	0	5.19259111176793	4.8426147664131	NA	NA	NA
ENST00000661205.1	-0.00195079259054753	2.22044604925031e-16	5.9224065457466	4.85576006352622	-0.51615226949321	0.373289074195686	0.895893778069645
ENST00000657449.1	-0.0122681554644062	0	5.30522426297986	4.8634525456118	NA	NA	NA
ENST00000657517.1	0	0	5.39785459285588	4.92179117943835	NA	NA	NA
ENST00000653522.1	-0.0301200639795449	0	6.11068792536271	4.923107091427	NA	NA	NA
ENST00000664214.1	-0.00179767038247114	0	5.59122560680029	4.96800435219169	-0.292895607837787	0.632476628040346	0.973964927794396
ENST00000662709.1	-0.0469025901827152	0.00140911103994312	5.66163956511498	4.97264363812837	-0.198399735064552	0.749056764283235	0.973964927794396
ENST00000654105.1	-0.00532997095997254	0.00964199597704851	5.57763853712154	5.03951407201656	-0.90125301828602	0.0366927268601726	0.484556033008039
ENST00000664924.1	0.260759164286787	0.217324433804104	5.27021211397667	5.10406357882864	-0.145872955401721	0.814929596513685	0.973964927794396
ENST00000690350.1	-0.0456287101214164	0.0113515920495125	5.85055417839029	5.11532920899206	-0.317481490234064	0.602667262782851	0.973964927794396
ENST00000657297.1	0.00433041646678007	0	5.71561457202713	5.12419710011161	0.0648826109519289	0.917446892687757	0.973964927794396
ENST00000685634.1	-0.0121657785639472	0	5.31588661416437	5.14567228427908	-0.213357544018686	0.730420068086424	0.973964927794396
ENST00000523190.7	-0.0259504380551073	0	6.08218159581682	5.15722300680905	-0.701397611140917	0.186850812118915	0.664358443089476
ENST00000659625.1	0.0155739564597081	0.00999234957257289	5.70760956280891	5.18131407828152	0.317507890166492	0.602635388502517	0.973964927794396
ENST00000656411.1	-0.00223551669104594	0	5.40377820333617	5.2087046344933	NA	NA	NA
ENST00000653497.1	0.0045389588041659	0.0200600848412619	5.83170498930836	5.3001188357089	-0.477879253605424	0.415570187644799	0.955748656785002
ENST00000702532.1	-0.0144905792366066	0	6.18416916448588	5.39474041902995	0.576417765007051	0.309037827746836	0.850290160910865
ENST00000655783.1	0	0	5.95822805837856	5.40076146019132	NA	NA	NA
ENST00000524165.6	0	0	5.64790290779425	5.41873008439436	NA	NA	NA
ENST00000651568.1	-0.00673215124723363	0	5.90586462188858	5.45556778976294	0.190250897476304	0.759234370902693	0.973964927794396
ENST00000521122.2	0.0414537560972311	0.0361878206193825	5.76987555956509	5.48075304771351	0.0495497339818939	0.936937144416032	0.973964927794396
ENST00000660456.1	0	0	6.04318368875275	5.50340978898959	NA	NA	NA
ENST00000663461.1	-0.0241592366388466	-0.0326036620745043	5.80357887029851	5.53096647174369	0.567016294882282	0.318858810341574	0.850290160910865
ENST00000659106.1	-0.00641710830344655	-0.00858749191047847	6.20409033696081	5.61888011968722	0.474369122781412	0.419500333522876	0.955748656785002
ENST00000659666.1	0	0	6.1513621269888	5.6466329107949	NA	NA	NA
ENST00000659892.1	-0.0170609877821079	0	6.47042005597684	5.70123588545059	-0.150830057017418	0.808687864925516	0.973964927794396
ENST00000669132.1	-0.00362952969244752	0	6.01073844989066	5.7828395877914	-0.151046180663335	0.808415840399747	0.973964927794396
ENST00000669509.1	0.000437358898094686	-0.0141396288435529	6.0143699481065	5.80481893062066	0.13987562958209	0.822487277852203	0.973964927794396
ENST00000670602.1	-0.0120825919723331	-0.0404097772398588	5.90950079256182	5.82345619865579	-0.0541908124091706	0.931035899943388	0.973964927794396
ENST00000656077.1	-0.00496306964000288	0.000734188207181186	6.25961450580174	5.94662175619275	-0.780089695909314	0.119627373598872	0.49931425502138
ENST00000654091.1	0	0	6.30456688777408	5.94824104621584	NA	NA	NA
ENST00000669407.2	0.0281705859495824	0.0711452227436536	6.30718447629064	5.94894182592299	-0.569170465018382	0.316601606257136	0.850290160910865
ENST00000655594.1	-0.00949203638538563	-0.011363223078674	6.26981023159538	5.95549971524883	-0.877764192840501	0.0503505194278164	0.484556033008039
ENST00000665856.1	0.00731123541644148	0.0162326580409803	6.16338647844704	6.02107084599704	-0.806302963885338	0.0993068991940997	0.49931425502138
ENST00000652695.1	0.0228131771240929	0.0475663972283191	6.14677182539237	6.04117672082307	-0.544323511439632	0.342879748911111	0.867289581939475
ENST00000657693.1	-0.0062042737011152	0	6.25963508063775	6.04221305876854	NA	NA	NA
ENST00000653990.1	0	0	6.41482012007221	6.07337927766734	NA	NA	NA
ENST00000668215.1	-0.054721103147397	0.0106843280966603	6.50172261609859	6.07912142824778	-0.815212657977845	0.0926664135460702	0.49931425502138
ENST00000667204.1	-0.0141589575347123	0	6.37936036322211	6.09072116354418	0.189419378196792	0.760273842255983	0.973964927794396
ENST00000657451.1	-0.00495176823586094	0	6.67104473855096	6.09169431232486	NA	NA	NA
ENST00000657112.1	0.00183759592585291	0	6.19444405363171	6.10508502864624	NA	NA	NA
ENST00000664995.1	0.00280327276198604	0	6.37685323630776	6.11180275656523	-0.0674342994341171	0.91420510083637	0.973964927794396
ENST00000658429.1	0.0208952245983782	0.0313931296682196	6.42628946096515	6.14521439520914	-0.798570779451678	0.105181613745957	0.49931425502138
ENST00000517838.6	0.0203496181837334	-0.00571810827334418	6.73752019912222	6.14913005567223	0.299343219055464	0.624635472686624	0.973964927794396
ENST00000518528.2	-0.00415846903101342	-0.0207923451550671	6.58157927777898	6.22173311375241	NA	NA	NA
ENST00000520913.2	0.00254780455959782	0.0108733903231377	6.81502604165122	6.24807776766414	-0.737722879012943	0.154740489098315	0.618961956393259
ENST00000652993.1	-0.00805187875679871	0	6.5020607560592	6.32521086373641	-0.284425354346884	0.642802166412083	0.973964927794396
ENST00000660438.1	-0.00783996534152198	-0.0012947714854934	6.38342368556082	6.34910869904012	0.116768115883716	0.851664767708659	0.973964927794396
ENST00000666776.1	-0.0408070684362426	0.00367108031638441	6.66859811317716	6.38142048911029	-0.797399267494391	0.106080576037058	0.49931425502138
ENST00000513868.6	-0.00803239964615643	-0.023562604586153	6.86498225355479	6.3938727821915	0.869417689220022	0.0555220454488378	0.484556033008039
ENST00000668098.1	-0.00620328885391008	-0.00287853109249347	6.99936051007483	6.39959860836733	0.201719484515491	0.74491538094163	0.973964927794396
ENST00000522875.5	-0.0572257892984065	0	6.83283704687058	6.48066080513386	NA	NA	NA
ENST00000669272.1	2.22044604925031e-17	1.11022302462516e-16	6.62269326602303	6.52555956233871	NA	NA	NA
ENST00000658158.1	-0.0187229873344282	0	6.62164142716343	6.532326239432	-0.930644121390994	0.0216964317653223	0.484556033008039
ENST00000660631.1	-0.00380505611306163	-0.0190252805653082	6.76480442154643	6.53680126131993	NA	NA	NA
ENST00000667714.1	-0.0164096099989262	0	7.06251105805106	6.65069550126621	-0.0535926512281929	0.931796395629372	0.973964927794396
ENST00000657356.1	-0.0093879504470249	0	6.83472085960324	6.70140265501929	-0.416104228041877	0.485912069792308	0.973964927794396
ENST00000652883.1	-0.0289437651322358	0	6.8983992567788	6.72790976784601	-0.356955782428532	0.55535486894699	0.973964927794396
ENST00000659912.1	0.00934224773268382	0.0042352041578797	6.8129827403032	6.73566464177806	0.127770490214763	0.837761289405217	0.973964927794396
ENST00000670009.1	0.123776270838486	0.20745757035793	7.47872008911502	6.7479999527836	-0.610848405806118	0.273763609539132	0.847784081153442
ENST00000667305.1	-0.00658856715601421	-0.0084653787298532	7.19716958841378	6.83099226814954	0.33236001213742	0.584751420516095	0.973964927794396
ENST00000662766.1	0.0143073595098558	0.0328929491235018	7.05792706398083	6.83751367910995	-0.418570646238536	0.483058280791388	0.973964927794396
ENST00000657667.1	0	0	7.1715539243527	6.83850528889423	NA	NA	NA
ENST00000666147.1	-0.0500387382665891	-0.0248786686716482	7.20084419626262	6.84550424252374	-0.849483814273297	0.0684939299104621	0.49931425502138
ENST00000658065.1	-0.00227005962454072	-0.00192777568541591	7.17647496358991	7.09421803116012	0.0298355605382084	0.962017821112747	0.973964927794396
ENST00000657289.1	0.00166124946595367	0.00929766054203585	7.35486420022101	7.1623885084741	-0.387134351894517	0.519690463271328	0.973964927794396
ENST00000665737.1	-0.0062318204515768	0.00378726875333679	7.48600175399397	7.39714902368226	-0.786578001860852	0.114492281973805	0.49931425502138
ENST00000512617.7	NA	0	NA	NA	NA	NA	NA
ENST00000521600.5	NA	0	NA	NA	NA	NA	NA
ENST00000652728.1	NA	-0.0760153192327446	NA	NA	0.877689614220078	0.318167704429757	0.850290160910865
ENST00000652816.1	NA	0	NA	NA	-0.179095049635311	0.88536607275791	0.973964927794396
ENST00000653608.1	NA	0	NA	NA	NA	NA	NA
ENST00000653845.1	NA	0	NA	NA	NA	NA	NA
ENST00000656491.1	NA	0.0204358580426709	NA	NA	-0.196099744106095	0.803900255893905	0.973964927794396
ENST00000656948.1	NA	0	NA	NA	NA	NA	NA
ENST00000657183.1	NA	-0.0382303473513759	NA	NA	NA	NA	NA
ENST00000657682.1	NA	0	NA	NA	NA	NA	NA
ENST00000657844.1	NA	0	NA	NA	NA	NA	NA
ENST00000658556.1	NA	0	NA	NA	NA	NA	NA
ENST00000660122.1	NA	0	NA	NA	NA	NA	NA
ENST00000660659.1	NA	0	NA	NA	NA	NA	NA
ENST00000660781.1	NA	0.128791948797621	NA	NA	-0.970717575923964	0.0292824240760363	0.484556033008039
ENST00000660896.1	NA	2.22044604925031e-16	NA	NA	NA	NA	NA
ENST00000661160.1	NA	0	NA	NA	NA	NA	NA
ENST00000661625.1	NA	0	NA	NA	NA	NA	NA
ENST00000661830.1	NA	0	NA	NA	NA	NA	NA
ENST00000662061.1	NA	0	NA	NA	NA	NA	NA
ENST00000662410.1	NA	0	NA	NA	NA	NA	NA
ENST00000662413.1	NA	0	NA	NA	NA	NA	NA
ENST00000663059.1	NA	0	NA	NA	NA	NA	NA
ENST00000663715.2	NA	0	NA	NA	NA	NA	NA
ENST00000664139.1	NA	0	NA	NA	NA	NA	NA
ENST00000664293.1	NA	0	NA	NA	NA	NA	NA
ENST00000664742.1	NA	0	NA	NA	NA	NA	NA
ENST00000665166.1	NA	0	NA	NA	NA	NA	NA
ENST00000665246.1	NA	0	NA	NA	NA	NA	NA
ENST00000666039.1	NA	0	NA	NA	NA	NA	NA
ENST00000666223.1	NA	0	NA	NA	NA	NA	NA
ENST00000666878.1	NA	0	NA	NA	NA	NA	NA
ENST00000667539.1	NA	-2.22044604925031e-16	NA	NA	NA	NA	NA
ENST00000668480.1	NA	0.0290453304979783	NA	NA	-0.992412860202237	0.078470990483592	0.49931425502138
ENST00000669082.1	NA	0	NA	NA	NA	NA	NA
ENST00000670795.1	NA	0	NA	NA	NA	NA	NA
ENST00000671088.1	NA	0	NA	NA	NA	NA	NA
ENST00000685606.2	NA	0	NA	NA	NA	NA	NA
ENST00000690788.1	NA	0	NA	NA	-0.738866562734216	0.261133437265784	0.835626999250509
ENST00000702405.1	NA	-0.0636523897599499	NA	NA	0.979299663598199	0.0207003364018006	0.484556033008039
