Gene	mean_adj_r_sq	max_adj_r_sq	mean_cor	cor_value	cor_pvalue	cor_padj_BH
ENST00000664924.1	0.262219397958833	0.276074746589136	0.485721225863948	-0.907381767404127	0.000287514303237101	0.000644177616113506
ENST00000667630.1	0.227574003909654	0.242316409489721	0.426371250158698	-0.858697580164575	0.00146544265864519	0.00247031762457331
ENST00000671092.1	0.131183161229358	0.140122443992035	0.338697651832042	-0.634008269331644	0.0490054922730751	0.0552482301422567
ENST00000670009.1	0.126222195803807	0.146046156879181	0.289192808805949	-0.963927396007447	7.09191259984814e-06	6.63644108710377e-05
ENST00000666076.1	0.119489429711707	0.132140841384276	0.285587074523102	-0.801149624178128	0.00533956596562886	0.0077467473435763
ENST00000656693.1	0.103991990505989	0.113800580622401	0.29579736683058	-0.850375247982262	0.00182307429126816	0.00296040504178407
ENST00000521122.2	0.103295508616226	0.122891534970517	0.26679674730796	-0.879031456080292	0.000807586857355691	0.00154429188345175
ENST00000658242.1	0.0940856175940979	0.107968155098219	0.2228214202523	-0.928963465892223	0.000102186743988321	0.000337827326843565
ENST00000668619.1	0.089193219882371	0.111006641494601	0.215515515138819	-0.971006838907006	2.98517384475681e-06	4.06442900401504e-05
ENST00000652492.1	0.0863289905999685	0.0976616818652786	0.190079457976737	-0.926814308249982	0.000114821145461919	0.000362916834763566
ENST00000670204.1	0.0767137987468981	0.0961045074064583	0.209519716806715	-0.915586653744286	0.000200418042518537	0.000506771336082585
ENST00000665175.1	0.0756841512518864	0.100765135866797	0.16290791606118	-0.962593561984065	8.187177566603e-06	6.67518783224443e-05
ENST00000517838.6	0.0679354043546792	0.0866827250817455	0.185308842824248	-0.946926387972274	3.25507428708924e-05	0.000144037037203699
ENST00000670626.1	0.061303031610481	0.0788940075058705	0.0954303999238605	-0.740411677590219	0.0143224176314836	0.0187439120583081
ENST00000659326.1	0.060247535699517	0.0836050891848953	0.152074486780701	-0.986386004481386	1.4784537064224e-07	5.97466534092616e-06
ENST00000656999.1	0.0594769948189739	0.0721033077288321	0.152937691285768	-0.935627509350934	6.94752126503505e-05	0.000256189846648167
ENST00000521951.1	0.0590140135305231	0.0689572334136338	0.185788248572852	-0.893753829120347	0.000489504747908381	0.00103145643309266
ENST00000669509.1	0.0586545019553573	0.0804672980526198	0.129383763061347	-0.569968640294018	0.0853927682574722	0.09329950605909
ENST00000669082.1	0.0562905164352509	0.071035691185782	0.112410456644596	-0.932589148504635	8.32387111977673e-05	0.000294665037640096
ENST00000689722.1	0.0553697932153392	0.0711566437694736	0.0757796162909279	-0.934834300687913	7.2892268179568e-05	0.000263304723832317
ENST00000669407.2	0.0545316195584545	0.0697563824781126	0.197510558401518	-0.984084563531217	2.75380765123042e-07	5.97466534092616e-06
ENST00000670602.1	0.053732940403238	0.0679684707381066	0.159410034744381	-0.79555312262625	0.00592345550368795	0.00845525503349006
ENST00000660781.1	0.0530499441509162	0.0661790098709909	0.148898862717104	-0.96246748352733	8.29684363329817e-06	6.67518783224443e-05
ENST00000655594.1	0.0524020083288324	0.0642628085444549	0.137457961733734	-0.640289162672098	0.0461252278022771	0.0523343930833529
ENST00000653406.1	0.0516348759779066	0.0676680540723611	0.13092762266439	-0.756018835568355	0.0114090833087481	0.0154153263026596
ENST00000523427.2	0.0512786285700063	0.0552900331795473	0.110845337187892	-0.731861447918249	0.0161207906999398	0.020809190108987
ENST00000664214.1	0.0512756698436568	0.0636653490464864	0.0625790537791972	-0.831395366860274	0.00286925490890664	0.00445489577961821
ENST00000667418.1	0.051064224705214	0.0626229758510951	0.132853192387873	-0.8411048117275	0.00229147331816829	0.003589298914299
ENST00000701558.1	0.0482410494947266	0.061323205730188	0.123034757165458	-0.923982291071669	0.000133186121462446	0.000399558364387338
ENST00000522414.2	0.0468573045418893	0.0646936798783053	0.125799250713834	-0.851543034011219	0.00176944241798676	0.00289991951836719
ENST00000659892.1	0.0465667021067131	0.0708396690301857	0.168175788161932	-0.959892262568098	1.07853288517309e-05	8.20481843704949e-05
ENST00000660069.1	0.0451478991746964	0.0597917784781704	0.171014508700863	-0.948430418826149	2.90683155536913e-05	0.000143527138492895
ENST00000657289.1	0.0417146142421213	0.0505295583028388	0.142445942650514	-0.984413552869962	2.53408023225136e-07	5.97466534092616e-06
ENST00000653497.1	0.0407733195698511	0.0596051316203907	0.0910972336408882	-0.918949166814656	0.00017105244286253	0.00045873155131315
ENST00000665856.1	0.0402463865926117	0.0474865152285521	0.124012592165318	-0.70363842610772	0.0231663061929526	0.0280851794257029
ENST00000652993.1	0.040032182280482	0.0548266168854822	0.158254613898189	-0.530822496410362	0.11440843102783	0.121989712601963
ENST00000652695.1	0.0397811518463439	0.0502739890795985	0.111155626472451	-0.910621908249304	0.000250348192384533	0.000598805811514356
ENST00000656396.1	0.0371385918724118	0.0539318601591366	0.0696451043666708	-0.967043383701097	4.95985010265948e-06	5.85262312113818e-05
ENST00000650930.1	0.0326588685072571	0.0504023865055806	0.0841924719804831	-0.878545858136829	0.000820132412680592	0.00154429188345175
ENST00000656168.1	0.0312395879579671	0.039009144957306	0.0853185037164632	-0.880718336058752	0.000765091859405589	0.00152158718106505
ENST00000657112.1	0.0306186210367809	0.0425065592926983	0.128132887222181	-0.91152577340111	0.000240643486273302	0.000591479687354765
ENST00000653853.1	0.0303013087301585	0.0430225806424144	0.123865600309492	-0.846546120208303	0.00200719696628805	0.00320066543272959
ENST00000700930.1	0.0302625544184078	0.0409394169601495	0.135659022159015	-0.914868211253582	0.000207144306702734	0.000516402004033576
ENST00000518528.2	0.0295661771919619	0.0392065709886813	0.151355610429218	-0.868682944932068	0.00110695724239994	0.00192089639122342
ENST00000660438.1	0.0269181423558367	0.0371133838816494	0.069257770690676	-0.949943303007978	2.58522046235451e-05	0.000134583535834338
ENST00000522875.5	0.0256498255216656	0.0399026056941981	0.110572518657684	-0.920121986339529	0.00016159878974208	0.000446921652880439
ENST00000504719.7	0.0254567552925023	0.0339901402748681	0.07375467167054	-0.717503977760506	0.019484476378255	0.0242869881616278
ENST00000652883.1	0.0245318479952273	0.0417825968017125	0.0987312416181772	-0.983687032881346	3.03796542758957e-07	5.97466534092616e-06
ENST00000654091.1	0.0240159600015691	0.0408347196709351	0.0701862670260055	-0.988689495520885	7.06316255344321e-08	5.97466534092616e-06
ENST00000520913.2	0.0229587063591133	0.0397143848693986	0.0818551398346105	-0.983155769258951	3.45125580416977e-07	6.10872277338049e-06
ENST00000658158.1	0.022174780375626	0.0293267733621848	0.078362033394952	-0.928203358679327	0.000106531310331662	0.00034283712597644
ENST00000668479.1	0.0220465435585908	0.0392881070610102	0.0684102178315642	-0.903062231345191	0.000343173499702851	0.000749897647498823
ENST00000650846.1	0.0212107302981051	0.0288874222628651	0.0438371573078216	-0.869351359340184	0.00108550467582322	0.00190379099529404
ENST00000656077.1	0.0211478856813803	0.03371826166508	0.0835633816467026	-0.892405049069305	0.000513972484792171	0.00107027211539076
ENST00000667714.1	0.0208837355610119	0.0312499597060867	0.0915874985256734	-0.963349178314001	7.55236299423265e-06	6.67518783224443e-05
ENST00000654324.1	0.0206810530331199	0.0325505834110835	0.0184629612382046	-0.963886385343468	7.1238633138402e-06	6.63644108710377e-05
ENST00000692980.1	0.0205948615827679	0.0385899331020845	0.0877382845403549	-0.8975918979379	0.000424541763123908	0.000905348097264238
ENST00000664265.1	0.0205493936434281	0.0336039391286984	0.0686516408459795	-0.864262748291023	0.00125666954611752	0.00213875490060386
ENST00000523068.2	0.02051450957144	0.0304427976487706	0.0662826735154862	-0.672890946927535	0.0329825180896728	0.0384072743544216
ENST00000669272.1	0.0201954761851898	0.0324296458298532	0.0998878514075933	-0.924832092721053	0.000127463301192158	0.000388982832948482
ENST00000669132.1	0.0191615933097342	0.0380343294464152	0.0808230245683763	-0.943448719612828	4.17798246707058e-05	0.000177882685751526
ENST00000653990.1	0.0191594874014922	0.0264450331072206	0.0704896553344917	-0.907827078831084	0.000282180554302976	0.000644177616113506
ENST00000658065.1	0.0191194698755203	0.0383639850800949	0.0630776103514235	-0.947031495340034	3.22978069247746e-05	0.000144037037203699
ENST00000524165.6	0.0189350006198413	0.0308537367369821	0.0850465537956062	-0.9418927792408	4.64824498715085e-05	0.000191334735517605
ENST00000657693.1	0.0188765195207653	0.0330256060884982	0.080151260285749	-0.94694306977374	3.25105011672499e-05	0.000144037037203699
ENST00000658840.1	0.0188755528183018	0.0454942276685911	0.14510182647306	-0.794186718485625	0.00607263785325879	0.00859885520021445
ENST00000662709.1	0.0184324969281518	0.0337913938871971	0.078633094899253	-0.889436881909919	0.000570955725789261	0.00116159958005401
ENST00000662766.1	0.0181018118662054	0.0342332441598489	0.0737375946121223	-0.950741620588611	2.42657126666427e-05	0.000130152458848356
ENST00000660200.1	0.0180945974515093	0.0393503152257437	-0.0114219183048519	-0.785864432358257	0.00703953544861779	0.00981100609767992
ENST00000653522.1	0.0162930149998415	0.0321121778573301	0.10456449651993	-0.953111884063245	1.99793377618184e-05	0.000114075573672318
ENST00000657297.1	0.0160441336413351	0.0217608808193418	0.0803475094931162	-0.618590536254148	0.0565774577512922	0.0629824529684196
ENST00000658305.1	0.0156908145101483	0.030083933159759	0.0569753229212266	-0.767545104055901	0.00954453837631507	0.0130959945163393
ENST00000669416.1	0.0155151211246303	0.0256633441747536	0.036093662971621	-0.985269911531806	2.02349458207242e-07	5.97466534092616e-06
ENST00000666147.1	0.0154441054477181	0.0282793042762451	0.0951243713418222	-0.984568915012223	2.43500087217054e-07	5.97466534092616e-06
ENST00000658350.1	0.0151853598735406	0.0328154064176364	0.112086135712049	-0.956645079956541	1.46674889436007e-05	9.11763619176067e-05
ENST00000668215.1	0.0150737363521566	0.0276809219838963	0.0416208773635371	-0.969583790370858	3.60959055750846e-06	4.56355377627855e-05
ENST00000652816.1	0.0146960506746729	0.0272632398372413	0.0350125702878072	-0.907513757082237	0.000285925731062738	0.000644177616113506
ENST00000660912.1	0.0145098475508702	0.0298239354029445	0.0952453304046406	-0.936667538019576	6.51762078817549e-05	0.000245450825427034
ENST00000666776.1	0.0144771178055574	0.02893356878464	0.0613495465446175	-0.855604762391125	0.00159177474408857	0.00265796348777054
ENST00000685634.1	0.0144538513258954	0.0290369661308114	0.0646618063259177	-0.989491442996181	5.26821208291732e-08	5.97466534092616e-06
ENST00000655148.1	0.014140963899329	0.0250990723411448	0.0840455589145232	-0.877307412168247	0.000852771107254385	0.00157229672900027
ENST00000665737.1	0.0134077525445604	0.0342267741665347	0.0827449416777879	-0.973583884443888	2.06357367313689e-06	3.04377116787691e-05
ENST00000651568.1	0.0130431927491866	0.0221837677331956	0.0599107534461429	-0.866196650958424	0.00118946790856848	0.00204403708559826
ENST00000663059.1	0.0130282870017511	0.0243566348949461	0.0802891529405829	-0.958213176445725	1.26820599189344e-05	8.59578687830878e-05
ENST00000667149.1	0.0129282266587029	0.0227172620941366	0.0204734728197383	-0.538799428976195	0.108057419458715	0.115916140873894
ENST00000660456.1	0.0128029258138437	0.0370726459257054	0.096090172377823	-0.956443509322538	1.49384999752011e-05	9.11763619176067e-05
ENST00000702405.1	0.0126370518780652	0.0274547493347996	0.0903165274661889	-0.985232543863113	2.04401370433962e-07	5.97466534092616e-06
ENST00000668098.1	0.0126174769950371	0.0228798972864257	0.0468482210746805	-0.916526484074084	0.000191863545188288	0.00049940952203422
ENST00000659106.1	0.012127805914214	0.0236482650654368	0.0387129372664873	-0.92906151324835	0.000101636018611669	0.000337827326843565
ENST00000657449.1	0.0116659252161822	0.0259160581343295	0.0864209897008908	-0.965301328168703	6.08177335271615e-06	6.63644108710377e-05
ENST00000667204.1	0.0111683485696141	0.0268630868039061	0.0558050260378006	-0.876702993252864	0.000869039508639867	0.00158577312401295
ENST00000658429.1	0.0107080405972987	0.0185588502621683	0.0619607003838844	-0.730611255619125	0.0163962813499437	0.0208787179779859
ENST00000701700.1	0.00990640304826204	0.0278111999039469	0.0248191668512459	-0.810401006098125	0.00446613467820007	0.00664290620202868
ENST00000517790.2	0.00873754467207848	0.0216763369332562	0.0768041363038118	-0.952430579971893	2.1148524771332e-05	0.00011697777764143
ENST00000664299.1	0.00736324017687753	0.0157345909846758	0.0671077026418373	-0.916061984205895	0.000196057167072111	0.000502929254663242
ENST00000513868.6	0.0069425170211799	0.0165046273475379	0.00550003365195564	-0.902644472001513	0.000348946151509283	0.000753213034355404
ENST00000657596.1	0.00662789815195718	0.0201203588051719	0.069215889213593	-0.87413041007478	0.000940823494845451	0.0016992424345678
ENST00000701841.1	0.00620197756031791	0.0155035634683368	0.0351274658811401	-0.943301336353897	4.22094508562943e-05	0.000177882685751526
ENST00000668123.1	0.00612392584417333	0.0144790636632129	0.0549968378671392	-0.74074553753487	0.014255180254141	0.0187439120583081
ENST00000659912.1	0.00611877864848334	0.013901912268532	0.0543699074482206	-0.903720067345604	0.000334225934707643	0.00073947488054066
ENST00000664610.1	0.00597126230581346	0.0143013499659085	0.0270600237901417	-0.909505808585375	0.000262725091502634	0.000620031215946216
ENST00000657517.1	0.00540860604863813	0.0158267419455733	0.0156421380574313	-0.922734720145849	0.000141928131514196	0.000418254384467706
ENST00000665721.1	0.00414211611056274	0.0122297952495574	0.0390533805727554	-0.957858707960847	1.31122172719965e-05	8.59578687830878e-05
ENST00000664995.1	0.00404832871383995	0.012226656088788	0.0435737073100132	-0.921577648152729	0.000150407586232341	0.000429389399405232
ENST00000659666.1	0.00361189091672433	0.0217638421958248	0.0162550422034333	-0.813106835741923	0.00423131221407125	0.00634696832110688
ENST00000522963.6	0.00274555042000931	0.00884461500608313	0.0213070347565042	-0.765698064849057	0.00982770434504526	0.0133807974544078
ENST00000654105.1	0.00273722211427929	0.00849435581217151	0.0591853313807749	-0.854660487091697	0.0016318694392056	0.00269944757700365
ENST00000666452.1	0.00245434539935392	0.0103999852354609	0.0330642532546963	-0.743024995908793	0.0138019888759201	0.0183680603837434
ENST00000702532.1	0.00222968953034668	0.0140773018780256	0.032584541340922	-0.948374788925965	2.91919603714362e-05	0.000143527138492895
ENST00000667539.1	0.00086734756736595	0.0207004847314769	0.0252804988754744	-0.964817664361185	6.42424604719179e-06	6.63644108710377e-05
ENST00000657667.1	0.000662633269487756	0.0142106054249924	0.0301502787793848	-0.940681801433897	5.04052130426309e-05	0.000198412973497653
ENST00000523328.6	0.000643339166774848	0.0093639005784163	0.017889947217258	-0.976933206631179	1.20463237259921e-06	1.938362999546e-05
ENST00000661205.1	-0.000660778646597915	0.00681158050168307	0.0262681518731473	-0.880102068146961	0.000780422494757531	0.00153483090635648
ENST00000656402.1	-0.00140581853049503	0.00366797646998385	0.0382274628552353	-0.809674303683157	0.00453075530521031	0.00668286407518521
ENST00000666777.1	-0.00149223124687928	0.00753924026790531	0.0147948345568777	-0.908150932990754	0.000278347495628864	0.000644177616113506
ENST00000666105.1	-0.00180954228467813	0.00782019189190253	0.0169374214167353	-0.940670189037317	5.04439763129627e-05	0.000198412973497653
ENST00000671587.1	-0.00212007843973683	0.00945003801267807	0.0367077568107363	-0.80825950944618	0.00465847655790137	0.00681446570866564
ENST00000655099.1	-0.00257024667311054	0.00559168834358414	0.0133132599173432	-0.829570424360929	0.00298852843085349	0.00459973506313972
ENST00000690350.1	-0.00475879536703466	0.00347792712502726	0.0410271589431848	-0.718186498033117	0.0193144649107307	0.024245817653896
ENST00000523190.7	-0.00505419329018477	0.00169246819770308	0.0287529501148392	-0.674135287757385	0.0325385285877097	0.0381411891392359
ENST00000664742.1	-0.00540352022269296	0.0156426654743232	-0.0317100249507588	-0.846912483741952	0.00198902307619137	0.00320051894987156
ENST00000657451.1	-0.00651976055958178	0.000646717637982852	0.00749786583924193	-0.911215452002058	0.000243943599869479	0.000591479687354765
ENST00000655783.1	-0.00692527524200428	0.00137435923606044	0.0405387209462837	-0.878910036089919	0.000810710558440356	0.00154429188345175
ENST00000651664.1	-0.006932061321275	0.00997760976629958	0.00571238667117019	-0.94792234531955	3.02121211833554e-05	0.000144037037203699
ENST00000670223.1	-0.00761896302732616	0.00119995080776181	0.0128519038713269	-0.953528894346223	1.9287817350363e-05	0.000113798122367142
ENST00000657211.1	-0.00824306970715472	0.00157642695289351	0.0025592379204783	-0.958735121546853	1.20678764669921e-05	8.54405653863039e-05
ENST00000656411.1	-0.010447049843377	0.00291274525614904	-0.00688185404514842	-0.921106544309548	0.000153964794811688	0.000432567756851884
ENST00000663753.1	-0.0116162365097152	0.00801294893615867	-0.0412006513663951	-0.740017427636776	0.0144021019205079	0.0187439120583081
ENST00000667305.1	-0.0125024055688751	-0.00820696544821065	-0.00633620357813976	-0.878787545512083	0.000813870722163688	0.00154429188345175
ENST00000651587.1	-0.0128687475229016	-0.00189336801529039	-0.0106680304045546	-0.938833642817614	5.68576932621133e-05	0.000218778515378132
ENST00000663461.1	-0.014787714300017	-0.00630344377238901	-0.0229541185166947	-0.919524758249972	0.000166363327223036	0.000453020137207344
ENST00000665372.1	-0.0168978025096223	-0.00895384171565206	-0.0667957200583149	-0.796961647718912	0.00577242402759681	0.00830665896654175
ENST00000690788.1	-0.0169855824557423	-0.00853117205558163	-0.0336715680779135	-0.869325027607651	0.00108634401426383	0.00190379099529404
ENST00000670532.1	-0.01725714734599	-0.00184862290156551	0.0166415354666402	-0.917671408502573	0.000181809133089831	0.000480301739655225
ENST00000660631.1	-0.01762342085285	-0.0090531858135674	-0.0269656772837585	-0.95957608582256	1.1125177541762e-05	8.20481843704949e-05
ENST00000664293.1	-0.0185642573047503	-0.010096864945319	0.0133014805513765	-0.871016793681779	0.00103336998789753	0.00184754028139255
ENST00000661988.1	-0.0186380798383913	-0.000373554209288196	-0.0318293465652405	-0.87800365824267	0.000834307591259491	0.001554446775294
ENST00000657356.1	-0.0220398104800633	-0.011082707080474	-0.136188339597939	-0.40531702782262	0.245230677596295	0.256839230381918
ENST00000656491.1	-0.0225868744702448	-0.0159860965580689	-0.0308977017361839	-0.713073722934754	0.0206132735437471	0.0255143315891136
ENST00000692433.1	-0.0233130468167728	-0.0122008055174301	-0.0637162574582506	-0.891896763397458	0.000523421243247685	0.00107727395412605
ENST00000521600.5	-0.0265959246938078	-0.0048299083633021	-0.166833350498802	-0.731390830135324	0.016224114322261	0.020809190108987
ENST00000665698.1	-0.0275565887814974	-0.0195308223934718	-0.0998745051326433	-0.728622451121848	0.016841252646184	0.0212921551312469
ENST00000659625.1	-0.0285949866833059	-0.0205991900573412	-0.0396405819153034	-0.588011371820284	0.0737964592519595	0.0811302688670611
ENST00000512617.7	NA	NA	NA	-0.803042268398837	0.0543682956197414	0.0609062552195837
ENST00000517525.2	NA	NA	NA	NA	NA	NA
ENST00000519481.6	NA	NA	NA	NA	NA	NA
ENST00000652728.1	NA	NA	NA	-0.854473812437604	0.0302258394666221	0.0359058629905511
ENST00000653608.1	NA	NA	NA	NA	NA	NA
ENST00000653845.1	NA	NA	NA	0.913918008402394	0.266082953141467	0.273817922709533
ENST00000654369.1	NA	NA	NA	-0.786480219158225	0.213519780841775	0.224958340529727
ENST00000656532.1	NA	NA	NA	NA	NA	NA
ENST00000656880.1	NA	NA	NA	-0.715954104593835	0.045781418104373	0.0522794258353163
ENST00000656948.1	NA	NA	NA	-0.934186343944764	0.00205947906297223	0.0032547124477329
ENST00000657183.1	NA	NA	NA	-0.46892757780014	0.288481779074483	0.295151878012622
ENST00000657384.1	NA	NA	NA	-0.914249833391641	0.0297522550722337	0.0355820888363875
ENST00000657682.1	NA	NA	NA	-0.318439405219628	0.601510902852252	0.611881780487635
ENST00000657844.1	NA	NA	NA	-0.976671707224133	0.0233282927758667	0.0280891688525741
ENST00000657945.1	NA	NA	NA	-0.947591117164299	0.000103065964121766	0.000337827326843565
ENST00000658556.1	NA	NA	NA	-0.906610965967586	0.000747252216175866	0.00150299593480828
ENST00000660122.1	NA	NA	NA	-0.990830722102643	0.000125728029205983	0.000388982832948482
ENST00000660146.1	NA	NA	NA	NA	NA	NA
ENST00000660659.1	NA	NA	NA	-0.880652203876306	0.00387860838694479	0.00586763832896775
ENST00000660896.1	NA	NA	NA	-0.16364890683884	0.756717977541143	0.756717977541143
ENST00000661160.1	NA	NA	NA	-0.612503514765662	0.106462204120697	0.114901281276606
ENST00000661391.1	NA	NA	NA	NA	NA	NA
ENST00000661625.1	NA	NA	NA	-0.823976190403581	0.0226542742842262	0.0276538382641933
ENST00000661830.1	NA	NA	NA	-0.952616110884914	0.0122933099188716	0.0164842110275778
ENST00000662061.1	NA	NA	NA	-0.823493007486708	0.00637127213141818	0.00895012037508744
ENST00000662410.1	NA	NA	NA	-0.856328213360659	0.00320673068392635	0.00489302871599107
ENST00000662413.1	NA	NA	NA	-0.84255113828371	0.00864195147666944	0.011950198526332
ENST00000663715.2	NA	NA	NA	-0.842016255173817	0.0354667480725751	0.0410301595349399
ENST00000664139.1	NA	NA	NA	-0.551927907879716	0.256173496347453	0.265162040078943
ENST00000665166.1	NA	NA	NA	-0.93041065992825	0.0218052921978307	0.0268023383265003
ENST00000665246.1	NA	NA	NA	0.298460773620923	0.625707671987208	0.632858616809919
ENST00000666039.1	NA	NA	NA	-0.967574001157575	0.0324259988424249	0.0381411891392359
ENST00000666080.1	NA	NA	NA	NA	NA	NA
ENST00000666223.1	NA	NA	NA	-0.960986278558081	0.000144144166398475	0.000418254384467706
ENST00000666353.1	NA	NA	NA	NA	NA	NA
ENST00000666842.1	NA	NA	NA	-0.898586341229789	0.101413658770211	0.110124034370107
ENST00000666878.1	NA	NA	NA	-0.680082835546883	0.206473611698184	0.218837301021428
ENST00000668351.1	NA	NA	NA	NA	NA	NA
ENST00000668480.1	NA	NA	NA	-0.73708532357867	0.0369464386503553	0.0424644132539798
ENST00000669951.1	NA	NA	NA	NA	NA	NA
ENST00000670535.1	NA	NA	NA	NA	NA	NA
ENST00000670714.1	NA	NA	NA	-0.995075646002221	0.0632045193514548	0.0699199995325469
ENST00000670795.1	NA	NA	NA	-0.425914743716159	0.253026610421238	0.263445353203289
ENST00000671088.1	NA	NA	NA	-0.189872981284974	0.683440489206696	0.687323673804461
ENST00000685606.2	NA	NA	NA	-0.966803221327983	8.9197295670715e-05	0.000309567084974834
ENST00000701958.1	NA	NA	NA	NA	NA	NA
