Gene	mean_adj_r_sq	max_adj_r_sq	mean_cor	cor_value	cor_pvalue	cor_padj_BH
ENST00000664924.1	0.375403065583751	0.416468463011946	0.434498825150309	-0.0371903424314981	0.95265870324466	0.95265870324466
ENST00000657693.1	0.207949705315876	0.266051792517926	0.338041675104992	-0.518827158605881	0.370374790502942	0.643030137927445
ENST00000670009.1	0.207645813815912	0.268537843060163	0.3890243872414	0.367010402189809	0.54342116390718	0.724087911395627
ENST00000660659.1	0.205300915202479	0.296733539634931	0.129077313898701	-0.246824402614846	0.688954197295535	0.820095608140153
ENST00000670602.1	0.179537808487649	0.244357370510423	0.253340749463414	-0.467553894023933	0.427155126652991	0.68632790012784
ENST00000671092.1	0.177593272117091	0.239569173257437	0.299292055890324	-0.378338892054573	0.530036445670231	0.721859159341362
ENST00000667630.1	0.162652481085268	0.250519911731901	0.285590953159747	-0.977174880267716	0.00412535118094544	0.196641739625066
ENST00000518528.2	0.160600114932075	0.192212111198709	0.218889605498028	-0.32626149411726	0.592083168256299	0.762773811357214
ENST00000522414.2	0.159862349418799	0.190396209385894	0.271028708438322	-0.785931151448907	0.115001183806956	0.351520597345872
ENST00000653497.1	0.146567163318592	0.2213036547958	0.0920535072815538	-0.492191244769938	0.399634860913267	0.66450912919299
ENST00000652492.1	0.141427850765107	0.198548260856914	0.013093491814682	-0.869338156703957	0.0555720848018639	0.271429337950705
ENST00000658065.1	0.134435430145316	0.24291822530992	0.12740727258711	-0.720806276351564	0.169477279297685	0.418081187406689
ENST00000685634.1	0.13422225435244	0.258873975171736	0.113991940389651	-0.508604786235369	0.38154150789046	0.649528995575426
ENST00000664610.1	0.130956842890425	0.194298246239432	0.0203082119183589	0.353057022581042	0.559995580963233	0.727994255252203
ENST00000517790.2	0.129326623437645	0.167024817809383	0.0635974494767579	-0.483452314111206	0.409347830782478	0.672836089676947
ENST00000656077.1	0.128959660417883	0.214407374987562	0.0392032565203285	-0.956560632515547	0.0107971435013418	0.236967845387115
ENST00000657297.1	0.116987481120659	0.16521326794455	0.113595532487126	-0.680636586952691	0.205956889845775	0.460184925749154
ENST00000651568.1	0.115687512644783	0.214956781135142	-0.0803902346969902	0.4274967840264	0.472760245422326	0.6987289065124
ENST00000664214.1	0.109678107243681	0.237975591746083	0.0372919868406216	-0.888558460853826	0.0439044227224787	0.251133297972578
ENST00000521122.2	0.106056931211908	0.148729565983121	0.213770915970423	-0.0501931601653699	0.936118928189146	0.949397210858495
ENST00000666105.1	0.100454074248649	0.148705916588852	0.121070524805027	-0.151928648533687	0.807305214625238	0.874580649177341
ENST00000654091.1	0.0987091488994615	0.234651217830188	0.205978937201533	-0.895199528554191	0.0400803101902416	0.24046647644673
ENST00000656999.1	0.0931727292206525	0.136376975227622	0.204421963164219	-0.673464647747494	0.212677115554319	0.467889654219502
ENST00000653990.1	0.0927057935283781	0.123953006265857	0.216326553188788	-0.753789296481551	0.141112790649344	0.388060174285695
ENST00000658158.1	0.0923427277188782	0.136064828096304	0.205836121026408	-0.87076607107786	0.0546758472771144	0.271429337950705
ENST00000658840.1	0.0916294620227311	0.185913372122638	0.0748730659005629	-0.82856647334842	0.0829816161839628	0.309329271284589
ENST00000658242.1	0.0904999715116089	0.150646347412916	0.112000126243729	-0.7007498514915	0.187438934341868	0.441805593735264
ENST00000669509.1	0.0823834104262852	0.222277849708527	0.108430876112807	-0.969745219960424	0.00628845660990213	0.224812323804001
ENST00000667418.1	0.077826994219981	0.195708832630156	0.10358235078196	-0.663475342169986	0.222136440315253	0.475061039560363
ENST00000656693.1	0.0765608340386987	0.121870589493621	0.179291509988543	0.0572968703013956	0.927087295040902	0.946953451363207
ENST00000659892.1	0.0755746637778789	0.183773414878045	0.161186671154994	-0.603618382542265	0.281077596657969	0.566114032705486
ENST00000523427.2	0.0740602581917827	0.140083319190279	0.177559159876819	-0.498111221249622	0.393086204599111	0.66130973244321
ENST00000517838.6	0.0665632624819771	0.0956849103081167	0.108640746479153	-0.580900721290719	0.30438266644052	0.583101841646027
ENST00000665737.1	0.0612652752493609	0.143191334801937	-0.0401817963554114	-0.579512141155042	0.305822644219944	0.583101841646027
ENST00000654105.1	0.0580746125083762	0.109114289022244	0.158777294314883	-0.732744458777041	0.159036940548714	0.413496045426656
ENST00000657449.1	0.0564399662194525	0.109241110008505	0.0239451636811579	-0.408823266398099	0.494357143771581	0.712595313323915
ENST00000660200.1	0.0562719392053344	0.13519065250411	0.138168307724932	-0.557981058883277	0.328370243771147	0.602012113580436
ENST00000668619.1	0.0502122783383053	0.0839507818094113	0.0612725947679589	-0.1021268899729	0.870194396880743	0.921761472251454
ENST00000663059.1	0.0499661283647623	0.121822863825244	0.0275462301007907	-0.399501183510669	0.505213735136245	0.712595313323915
ENST00000689722.1	0.0482537019336139	0.166510768189735	-0.013833924523001	-0.0731165089242441	0.906988183972673	0.93985007469632
ENST00000522875.5	0.0472198106884928	0.0782925924719514	-0.00660079115028147	-0.359375535734838	0.552478338873969	0.724811031733739
ENST00000652883.1	0.0367279000806052	0.0734501548980462	0.103945599098665	-0.923677510360825	0.0250194184803875	0.236967845387115
ENST00000523068.2	0.0363831109342617	0.0831619022053016	-0.0845149130422768	-0.720844112894378	0.169443888403073	0.418081187406689
ENST00000667539.1	0.0348118643536541	0.140545409413858	-0.127413722399118	-0.782145630290857	0.117992927780433	0.351520597345872
ENST00000521951.1	0.0282758295400063	0.0860383089669232	0.0319062192820041	-0.301409649600524	0.622125912602416	0.780386013176715
ENST00000652993.1	0.0277345963720431	0.0853535386851576	-0.0299002813600786	0.398325349513946	0.506586575569939	0.712595313323915
ENST00000654324.1	0.0270942782972101	0.104128827871284	0.100153346917692	-0.737644539958095	0.154807831165172	0.409954071418881
ENST00000662766.1	0.0269690881046396	0.151109699562761	-0.163990604503058	-0.784882794722334	0.115827403391915	0.351520597345872
ENST00000655148.1	0.0250552986723908	0.214262376600615	0.0824870116255151	-0.902009938448179	0.036275904366724	0.24046647644673
ENST00000666776.1	0.0202579043074235	0.0692192042619514	0.0483366147678883	-0.520160095502346	0.368924621341246	0.643030137927445
ENST00000690350.1	0.0200582803653956	0.19602847062633	0.155556906525401	-0.994743620813542	0.000457110470542283	0.0653667972875464
ENST00000669416.1	0.0170648354028309	0.104402046779506	-0.02826997015692	-0.224554337792649	0.716509877963282	0.826297681844753
ENST00000664995.1	0.0170103662017949	0.0874039179882421	0.284904709669195	-0.689688296144796	0.19756229776098	0.45566788031968
ENST00000656168.1	0.0164987031417229	0.126385021358642	-0.129390191105805	-0.926352100161832	0.0237256222282672	0.236967845387115
ENST00000513868.6	0.0114983538690369	0.0934875824261004	-0.0455089106248673	-0.306422843465669	0.616044847356364	0.779596576743009
ENST00000652695.1	0.010553653396356	0.0758138105622118	-0.10175604633214	0.10399341668611	0.867830516363259	0.921761472251454
ENST00000657289.1	0.00920303909593185	0.0384400109949617	0.111601845364762	-0.265644038777196	0.665792658677728	0.820095608140153
ENST00000669407.2	0.00853783293070793	0.0636805383665359	0.0210131104235832	0.21074673692066	0.733668652525071	0.828796465128768
ENST00000657211.1	0.00796956896386276	0.0810699292714554	0.0542624205764204	-0.899114426101039	0.0378785891957815	0.24046647644673
ENST00000658429.1	0.00767182444611476	0.0833093449979522	0.113167985605435	-0.822663909910772	0.0872219837691774	0.309329271284589
ENST00000653406.1	0.00757753856323773	0.0578395495126409	0.0515201356886031	-0.786541494350735	0.11452098576536	0.351520597345872
ENST00000655594.1	0.00603437618562852	0.0599589884199195	-0.175244849781825	-0.242796152234399	0.693927053041668	0.820095608140153
ENST00000656411.1	0.0022631495995213	0.125862572098262	0.128288862421153	-0.920089684327333	0.0267893881220655	0.236967845387115
ENST00000651587.1	0.00182918772399179	0.120525617096025	0.0234541986265554	-0.90625740209235	0.0339653735928219	0.24046647644673
ENST00000660069.1	-0.000321841433863668	0.00994215232825824	-0.00603773971931319	-0.748802906949984	0.145302800421031	0.392043404909574
ENST00000659326.1	-0.000588610654441579	0.0441875095944224	-0.0348297505376693	-0.21143139758204	0.732816558512311	0.828796465128768
ENST00000667204.1	-0.00166269405534538	0.0688621996808592	0.113009293484877	-0.871102604647605	0.0544652886183431	0.271429337950705
ENST00000702532.1	-0.00415083728524355	0.103718932973844	-0.0067712901729326	-0.915555981724896	0.0290809310366121	0.236967845387115
ENST00000663461.1	-0.00499563452669152	0.0686206267569002	0.103612595917141	0.52567118936459	0.362943502967967	0.643030137927445
ENST00000659106.1	-0.00577939033829387	0.118094027068458	0.0210879365658157	-0.443993017500613	0.453855806268938	0.6987289065124
ENST00000657112.1	-0.00585686860671439	0.110100961611338	0.0107354449765577	-0.462430739488825	0.432930026870927	0.687877709361584
ENST00000664265.1	-0.0058752632205922	0.0409271635617845	-0.134561437357309	-0.944325038146496	0.015637352988032	0.236967845387115
ENST00000670626.1	-0.00802541606335998	0.0885288317026398	-0.0212235554040246	-0.36410567991668	0.546863597417677	0.724087911395627
ENST00000670204.1	-0.0099128840886497	0.0356466503883115	-0.0605382888791256	0.422214058152677	0.47884918068682	0.6987289065124
ENST00000660438.1	-0.0106917805643513	0.0730064532516788	-0.0129382927915556	-0.393436861955657	0.512302275867844	0.712595313323915
ENST00000653853.1	-0.0107695215878734	0.0749955118011782	0.0454562967395184	-0.182949851068167	0.768367054606127	0.84520376006674
ENST00000669132.1	-0.0115827971082715	0.0314190029731137	0.0491509118128611	-0.720699646560167	0.169571390696419	0.418081187406689
ENST00000652816.1	-0.0159781402153222	0.0606632338616623	0.0768062764780059	-0.925024734118491	0.024364945524746	0.236967845387115
ENST00000657517.1	-0.0169058124884779	0.174142423617666	-0.00962386893823032	-0.849425302273196	0.0685332406033958	0.306257918946425
ENST00000668098.1	-0.018428939072331	0.0474557441210833	0.00226322668918164	-0.873587829700194	0.0529183061445306	0.271429337950705
ENST00000665698.1	-0.0186491233603394	0.0560924608251555	0.0230988928844491	-0.76922854245771	0.128372179717842	0.374637177543907
ENST00000653522.1	-0.023986979824681	0.0361597198146503	-0.119644944558712	-0.938191305506892	0.018274279057581	0.236967845387115
ENST00000524165.6	-0.0252633462683674	0.0479654789671415	0.0253158747180081	-0.894710675109305	0.0403580100330177	0.24046647644673
ENST00000656402.1	-0.0298812700656299	0.0408383703683569	-0.156524652264453	-0.914102826155443	0.0298281203983781	0.236967845387115
ENST00000659666.1	-0.0302215538733536	0.0969074007229817	0.0195381596983177	-0.981059713927906	0.00312015344985618	0.196641739625066
ENST00000657356.1	-0.0351186679470172	0.0245978911067557	-0.0098681419968979	-0.663008759349094	0.222581046507303	0.475061039560363
ENST00000666076.1	-0.036550895625376	0.0341821342915273	0.109166475362025	-0.761345018930648	0.134833188702104	0.385622919688017
ENST00000520913.2	-0.0366083652680054	0.0304674266957934	0.0577266086284334	-0.230043699892506	0.709703558691537	0.825102511324307
ENST00000669272.1	-0.0403465060203805	0.0143245872345817	-0.0320862350902645	-0.388360742123303	0.518251136962848	0.712595313323915
ENST00000667305.1	-0.0422724045430335	-0.0064025719848444	-0.0292662814581435	-0.699649862379113	0.188438852203863	0.441805593735264
ENST00000666147.1	-0.0447246045554771	0.0121523003515298	-0.0327155807635749	-0.903939259575369	0.0352203712059802	0.24046647644673
ENST00000662413.1	-0.0453816193738537	0.0720010920295174	0.0220529101102633	-0.842132267350748	0.0734873822312241	0.309079284090148
ENST00000665721.1	-0.0463078383790256	0.00632182154616268	-0.00963452058300981	-0.944642039196026	0.0155047407250728	0.236967845387115
ENST00000668123.1	-0.0513939792306081	0.075070401737988	-0.0119092780653897	-0.928662856400046	0.0226258469747674	0.236967845387115
ENST00000670532.1	-0.0540286597321803	0.00696683660326169	0.136058728457175	-0.60918094883466	0.275445910432785	0.562696645598403
ENST00000660456.1	-0.0568393885002806	0.0136941534716889	0.0212908586143017	-0.174544177772742	0.778897095167327	0.850246447396395
ENST00000657451.1	-0.0575331908816989	0.0249321449052143	-0.0177384028380539	-0.918131000335863	0.0277719684913182	0.236967845387115
ENST00000668215.1	-0.0589606028686211	0.0180921593649007	-0.170867552613334	-0.82533688617393	0.0852936941051682	0.309329271284589
ENST00000665856.1	-0.0606860873835995	-0.014473919626965	-0.119699001517792	-0.820642732307233	0.0886888120466304	0.309329271284589
ENST00000692980.1	-0.0615940737519225	0.0193929889326976	-0.0460366554870216	0.281676096916193	0.646159476787562	0.803485262440185
ENST00000523190.7	-0.0688457259015269	0.039115540326881	0.00821679568860526	-0.792799775856345	0.109632248223546	0.351520597345872
ENST00000670223.1	-0.0735989747160452	0.107070953712722	-0.144330489899397	-0.961504543529839	0.00901414023165443	0.236967845387115
ENST00000692433.1	-0.0746828955222748	-0.0340566466642418	-0.120884238491875	0.755072023872919	0.140040779005521	0.388060174285695
ENST00000667714.1	-0.0764414821847802	0.0343791584849743	-0.097277619809444	-0.682886256518903	0.203861392390317	0.460184925749154
ENST00000658305.1	-0.0783504189200457	-0.0419525390079838	0.0122664613716034	-0.203455826381905	0.742750444532185	0.8297915122508
ENST00000665175.1	-0.081530607850908	-0.00254985834094046	-0.0744522660881117	-0.609466664765433	0.275157457630367	0.562696645598403
ENST00000651664.1	-0.0836759677753615	-0.0166082632803799	-0.084632548332834	-0.86716754362643	0.056943217751896	0.271429337950705
ENST00000663753.1	-0.0856145805602491	-0.0374008833899191	-0.19656651080384	0.235611194447337	0.702809627121177	0.823785054740396
ENST00000655099.1	-0.0911589169009988	-0.0109087971812698	-0.200425252520751	-0.0594203749827783	0.924388173430334	0.946953451363207
ENST00000660631.1	-0.0923353115002633	0.00618300885886769	-0.0977250027757541	-0.436265979463834	0.462689982788673	0.6987289065124
ENST00000690788.1	-0.102701016812251	-0.0163216571169418	-0.123347098195093	-0.699623839438424	0.188462525998959	0.441805593735264
ENST00000666777.1	-0.104076574914231	-0.0800136410676233	-0.0575105136499797	-0.824296710611046	0.0860425054892156	0.309329271284589
ENST00000658350.1	-0.108011674142785	-0.0396314004573868	0.0767402749039001	-0.932207209957533	0.02097214427555	0.236967845387115
ENST00000657667.1	-0.116092426482409	-0.0189467440801323	0.0633657076799922	-0.815998635178985	0.0920873789151365	0.313535599639631
ENST00000662410.1	-0.121816798603841	-0.0950906538291965	-0.052489448878405	0.42765333072275	0.472580062853077	0.6987289065124
ENST00000523328.6	-0.123599390765927	-0.0427145645191547	-0.172839944598945	0.090984116541921	0.884315452939722	0.928786375181167
ENST00000658556.1	-0.138401880313461	-0.057389570951399	-0.0896503697200597	-0.364438417612719	0.546469050854127	0.724087911395627
ENST00000665372.1	-0.159119927977988	-0.0865982313122304	-0.0684566460049257	-0.830840831198513	0.0813651709423868	0.309329271284589
ENST00000504719.7	NA	NA	NA	-0.572972378244044	0.427027621755956	0.68632790012784
ENST00000512617.7	NA	NA	NA	-0.690524514465166	0.514759521280975	0.712595313323915
ENST00000517525.2	NA	NA	NA	NA	NA	NA
ENST00000519481.6	NA	NA	NA	NA	NA	NA
ENST00000521600.5	NA	NA	NA	NA	NA	NA
ENST00000522963.6	NA	NA	NA	NA	NA	NA
ENST00000650846.1	NA	NA	NA	-0.706671252747262	0.293328747252738	0.582583484126966
ENST00000650930.1	NA	NA	NA	0.110183682518742	0.889816317481258	0.928786375181167
ENST00000652728.1	NA	NA	NA	NA	NA	NA
ENST00000653608.1	NA	NA	NA	NA	NA	NA
ENST00000653845.1	NA	NA	NA	NA	NA	NA
ENST00000654369.1	NA	NA	NA	NA	NA	NA
ENST00000655783.1	NA	NA	NA	-0.394291007261709	0.605708992738291	0.773360588942639
ENST00000656396.1	NA	NA	NA	NA	NA	NA
ENST00000656491.1	NA	NA	NA	-0.0871027378007932	0.944478317259416	0.951129573014764
ENST00000656532.1	NA	NA	NA	NA	NA	NA
ENST00000656880.1	NA	NA	NA	-0.31618589882229	0.68381410117771	0.820095608140153
ENST00000656948.1	NA	NA	NA	NA	NA	NA
ENST00000657183.1	NA	NA	NA	NA	NA	NA
ENST00000657384.1	NA	NA	NA	NA	NA	NA
ENST00000657596.1	NA	NA	NA	NA	NA	NA
ENST00000657682.1	NA	NA	NA	NA	NA	NA
ENST00000657844.1	NA	NA	NA	NA	NA	NA
ENST00000657945.1	NA	NA	NA	-0.544326664385276	0.455673335614724	0.6987289065124
ENST00000659625.1	NA	NA	NA	-0.647753899280523	0.352246100719477	0.637610030416268
ENST00000659912.1	NA	NA	NA	-0.5234650741679	0.4765349258321	0.6987289065124
ENST00000660122.1	NA	NA	NA	NA	NA	NA
ENST00000660146.1	NA	NA	NA	NA	NA	NA
ENST00000660781.1	NA	NA	NA	-0.88243962459103	0.11756037540897	0.351520597345872
ENST00000660896.1	NA	NA	NA	NA	NA	NA
ENST00000660912.1	NA	NA	NA	-0.74011724537102	0.25988275462898	0.546518145763884
ENST00000661160.1	NA	NA	NA	0.402814432936228	0.736063993505969	0.828796465128768
ENST00000661205.1	NA	NA	NA	NA	NA	NA
ENST00000661391.1	NA	NA	NA	NA	NA	NA
ENST00000661625.1	NA	NA	NA	NA	NA	NA
ENST00000661830.1	NA	NA	NA	NA	NA	NA
ENST00000661988.1	NA	NA	NA	NA	NA	NA
ENST00000662061.1	NA	NA	NA	-0.833013415167411	0.373227282852993	0.643030137927445
ENST00000662709.1	NA	NA	NA	-0.315167781500828	0.684832218499172	0.820095608140153
ENST00000663715.2	NA	NA	NA	NA	NA	NA
ENST00000664139.1	NA	NA	NA	NA	NA	NA
ENST00000664293.1	NA	NA	NA	-0.167526743482944	0.832473256517056	0.895065230691271
ENST00000664299.1	NA	NA	NA	NA	NA	NA
ENST00000664742.1	NA	NA	NA	0.940297180134114	0.0597028198658855	0.275403330349085
ENST00000665166.1	NA	NA	NA	NA	NA	NA
ENST00000665246.1	NA	NA	NA	NA	NA	NA
ENST00000666039.1	NA	NA	NA	NA	NA	NA
ENST00000666080.1	NA	NA	NA	NA	NA	NA
ENST00000666223.1	NA	NA	NA	NA	NA	NA
ENST00000666353.1	NA	NA	NA	NA	NA	NA
ENST00000666452.1	NA	NA	NA	NA	NA	NA
ENST00000666842.1	NA	NA	NA	NA	NA	NA
ENST00000666878.1	NA	NA	NA	NA	NA	NA
ENST00000667149.1	NA	NA	NA	NA	NA	NA
ENST00000668351.1	NA	NA	NA	NA	NA	NA
ENST00000668479.1	NA	NA	NA	-0.323362291223861	0.676637708776139	0.820095608140153
ENST00000668480.1	NA	NA	NA	-0.993482001357563	0.0727257871037539	0.309079284090148
ENST00000669082.1	NA	NA	NA	NA	NA	NA
ENST00000669951.1	NA	NA	NA	NA	NA	NA
ENST00000670535.1	NA	NA	NA	NA	NA	NA
ENST00000670714.1	NA	NA	NA	NA	NA	NA
ENST00000670795.1	NA	NA	NA	NA	NA	NA
ENST00000671088.1	NA	NA	NA	NA	NA	NA
ENST00000671587.1	NA	NA	NA	-0.913852518711499	0.0861474812885013	0.309329271284589
ENST00000685606.2	NA	NA	NA	-0.879272884797241	0.316058044770497	0.594688163186593
ENST00000700930.1	NA	NA	NA	-0.70008069654577	0.29991930345423	0.583101841646027
ENST00000701558.1	NA	NA	NA	-0.671787998837756	0.328212001162244	0.602012113580436
ENST00000701700.1	NA	NA	NA	-0.358031614355612	0.766896001844536	0.84520376006674
ENST00000701841.1	NA	NA	NA	NA	NA	NA
ENST00000701958.1	NA	NA	NA	NA	NA	NA
ENST00000702405.1	NA	NA	NA	-0.532119603268731	0.467880396731269	0.6987289065124
