Gene	mean_raw_r_sq	best_raw_r_sq	mean_rmse	min_rmse	cor_value_R2_RMSE	cor_pvalue	cor_padj_BH	mirnaTG
ENSG00000120948.19	0.110570686721714	0.577170011451559	0.150724492536086	0.127236600407237	-0.0980713476117757	0.787520404703359	0.977626027469024	no
ENSG00000135829.17	0.113477060268077	0.239244333705156	0.245170133607312	0.204177362870979	-0.696616442360202	0.0252019059835106	0.492008807543961	yes
ENSG00000138107.13	0.0609210113491945	0.276922583766544	0.250379189131385	0.213071696538813	-0.596299669051335	0.0688320574117319	0.627733142746919	yes
ENSG00000176087.16	0.112756073453258	0.546260331658647	0.250360935071647	0.217783100216774	-0.463304845819579	0.177479540928319	0.76796950054371	no
ENSG00000135966.14	0.0860720811493552	0.245120960879169	0.288099952950273	0.22495736568556	-0.710750755660621	0.0212228297575177	0.472406826701448	no
ENSG00000076201.16	0.0773215219872775	0.329014438004097	0.286992209666947	0.226185485294272	-0.661752361985666	0.037141275151368	0.539566058877066	no
ENSG00000107882.12	0.0585422568939888	0.21395627133487	0.302172007067056	0.227973568423728	-0.40286331146636	0.24837479600807	0.819009879144158	no
ENSG00000087302.9	0.0536520886897469	0.209949699789431	0.2988655995377	0.233322583255018	-0.121632182278935	0.737831131476325	0.969997359855263	no
ENSG00000180228.14	0.134231341251124	0.207508024184537	0.296693484477084	0.236586471021479	-0.378996296346819	0.280117471564911	0.838302153283674	no
ENSG00000133884.11	0.0743142817806539	0.355551288591977	0.290966340475615	0.242583908975499	-0.285460116350499	0.424000768309492	0.899272166538623	no
ENSG00000196072.12	0.0149404853554846	0.210124831062983	0.301622243289607	0.243762277325331	-0.508223303782662	0.133648967159695	0.721526946990007	no
ENSG00000156697.13	0.0493576256122124	0.20298892033356	0.290261971059606	0.247221247053905	-0.605729651381366	0.0634551228089082	0.615562370691839	no
ENSG00000163950.13	0.0474555565659341	0.210784539385468	0.358944536810115	0.248020745344015	-0.741796574599377	0.0140449470464719	0.421263290502967	yes
ENSG00000125352.6	0.115879630505604	0.302953161324039	0.312476362095517	0.248462631698831	-0.717283489216921	0.0195396192158113	0.463134511360983	no
ENSG00000170855.4	0.0726988207329393	0.225442786960721	0.299435786385503	0.254236375468706	-0.186112448620431	0.606690155084296	0.945977590985948	no
ENSG00000081019.14	0.140876452359577	0.290644366428785	0.351468830224188	0.260623859651474	-0.559254691937862	0.0928018368824871	0.671378615762716	no
ENSG00000115827.14	0.088134031632832	0.210386881950386	0.342183976519625	0.263738183466799	-0.409835975286698	0.239498789972245	0.813296609730087	no
ENSG00000139579.13	0.0709186451238165	0.30125750141764	0.296237209970251	0.265183597558508	-0.362847963397771	0.302775152743811	0.849532777622104	no
ENSG00000101972.20	0.0927204135565567	0.314353792388676	0.359159724478241	0.266469326837108	-0.501571097243044	0.139667945937103	0.730544299217253	yes
ENSG00000134987.13	0.11841469974663	0.236101078592051	0.327319713632876	0.267818379367364	-0.359356708868606	0.307797366616277	0.853019907092606	no
ENSG00000146463.12	0.0955159687545043	0.206496091296904	0.336610631149568	0.270187508691893	-0.306032099036681	0.389807495478542	0.888164111234109	yes
ENSG00000029363.17	0.10800909872899	0.248249975722651	0.293674416118524	0.270904169326221	-0.550931405639678	0.0988319867245235	0.679081673571361	no
ENSG00000082516.9	0.0860567555156024	0.257821987734	0.322001953597942	0.272472982413823	-0.375778236452491	0.28455727692676	0.840524330616055	yes
ENSG00000240682.10	0.129796866399493	0.261267415660672	0.338562244369435	0.276099611707563	-0.545042629483001	0.103244963400067	0.684256996743545	no
ENSG00000166783.22	0.115490586584199	0.227757684729401	0.347288419152863	0.276347547633977	-0.485936573623055	0.154457845139514	0.750842592500508	no
ENSG00000102119.12	0.144039928048327	0.215002120402315	0.313242236081357	0.276448875417816	-0.103636316347599	0.775714822708715	0.976553830874979	no
ENSG00000106803.10	0.202274862579829	0.235383438060619	0.314263724547084	0.277368946220133	-0.357156517850654	0.310984776328459	0.854425339042742	yes
ENSG00000023318.9	0.0621363539405095	0.279732764395995	0.312752158205427	0.278748682456866	-0.422726117591266	0.223567095697966	0.800422991743818	yes
ENSG00000148308.18	0.0701577524759008	0.261586984723793	0.361292198320349	0.279342470221335	-0.564864353095773	0.0888733354045293	0.664139045997237	no
ENSG00000166716.10	0.0843027409787432	0.243825665994533	0.338014365562758	0.279423844065611	-0.723091141730741	0.0181228363799723	0.455331104041725	yes
ENSG00000167118.11	0.0981715337227317	0.204841433148209	0.296392938377766	0.279961614087552	-0.378391098178271	0.280949553895617	0.838853263279101	no
ENSG00000186063.13	0.0800188989591311	0.220377070014995	0.393913653888744	0.28046925020398	-0.179111444080268	0.620523121389161	0.948847862573997	no
ENSG00000114956.20	0.121751336581569	0.295254595521121	0.33366388987904	0.283157092353302	-0.388224735877132	0.267595284181754	0.83308484094207	no
ENSG00000129084.18	0.0874378180810716	0.237851664762496	0.327981051447771	0.283554447433007	-0.587176814959613	0.0743088451578569	0.63901733220892	no
ENSG00000107874.11	0.0913638567645853	0.245277186205128	0.365406221501329	0.283624589627411	-0.794977864308005	0.00598593977832324	0.302129746542797	no
ENSG00000172586.8	0.0984057932215413	0.312504144746915	0.380966334035222	0.284356625107252	-0.295648912947254	0.406894734134536	0.893574332304387	no
ENSG00000228474.6	0.0887262108822142	0.240648285146702	0.321564795962883	0.284515159795495	-0.30013737468486	0.399465046066668	0.891053369100154	no
ENSG00000088179.9	0.11517886889377	0.246253737510611	0.347386627176251	0.284696008696731	-0.92477865032306	0.000127817751180837	0.0208539577118888	yes
ENSG00000027847.14	0.0537448511980812	0.222905521655039	0.364742799195474	0.284816198073464	-0.694516547560081	0.0258336919453276	0.496187353573453	no
ENSG00000111832.13	0.105080528406091	0.295947174159775	0.325460348550267	0.285406326075768	-0.53084452563092	0.114390577994004	0.696935686951829	no
ENSG00000100632.11	0.0839948335447084	0.213297512186894	0.340988851261524	0.286787681566973	-0.606500396410193	0.0630282513579358	0.614138178459634	no
ENSG00000165494.12	0.0944662155978333	0.217937887874171	0.36828579023462	0.287358664629542	-0.528517950560888	0.11628573554844	0.699066525238478	no
ENSG00000204304.12	0.0261213966044797	0.246071457627005	0.32614023934322	0.287973294993735	-0.535258483679755	0.110848523995565	0.6937526731099	no
ENSG00000159140.23	0.166603082372996	0.221117055543652	0.334002245042264	0.288025402407842	-0.453993442209718	0.187508434059468	0.776116699829722	no
ENSG00000221983.8	0.160490367743693	0.22564060909709	0.370760091470612	0.289810106571314	-0.325636884654177	0.35851993680066	0.875110840295592	no
ENSG00000100567.13	0.0977251831832662	0.250736925953088	0.332786848841719	0.290475179047027	-0.324375465388838	0.360493997605065	0.875279959533155	no
ENSG00000218283.2	0.117771471458008	0.209337044015838	0.361525444015565	0.291247694977806	-0.460807044431391	0.180137873718076	0.769846012026686	no
ENSG00000110046.14	0.0382080430331	0.201662639902231	0.36798423130595	0.291722697052985	-0.390551031234322	0.264488010596376	0.83070576650177	no
ENSG00000187147.19	0.0751359280168394	0.263021037584695	0.338789830392784	0.292162658613024	-0.682533910046672	0.0296475892364245	0.523634135964128	no
ENSG00000160014.17	0.0402422305152086	0.235343112091872	0.342698811304719	0.292233583379217	-0.387521905236653	0.268537981208915	0.833750743537692	no
ENSG00000137337.16	0.0549802464987914	0.300177587253634	0.406741486003242	0.29229075587896	-0.779573722660384	0.00783940710843121	0.342865164706822	no
ENSG00000180398.13	0.143982194362578	0.315644931335012	0.315802809036424	0.292938231121989	-0.551889061532421	0.0981258550460406	0.676799338960826	yes
ENSG00000011451.21	0.057620394875553	0.293983309102419	0.35266548525278	0.292952322986271	-0.234535653609399	0.51425518863467	0.925781994802995	no
ENSG00000162378.13	0.126662322925058	0.238081837708126	0.339251680810398	0.295345752809386	-0.320008751698028	0.36736951024086	0.878852679086395	yes
ENSG00000070061.16	0.0823084081511983	0.248267360139781	0.350117625839657	0.295447928828966	-0.462971103992302	0.177833377407742	0.76796950054371	no
ENSG00000083093.11	0.0742002159097412	0.213669880627933	0.340556936491177	0.295697741673775	-0.437262286797909	0.206346979688799	0.789209767082266	no
ENSG00000099817.12	0.068799429744222	0.247861145810889	0.346964899979741	0.296680092020476	-0.386716718113113	0.269620197641043	0.834142753568778	no
ENSG00000077312.9	0.169801131467502	0.216625488991965	0.363667417463899	0.298254198860504	-0.636007735552691	0.0480759416470595	0.57764184654629	no
ENSG00000148358.21	0.0951348460052858	0.2611660413121	0.385382061469937	0.298569199804308	-0.716168548365438	0.0198201133684894	0.463479672324171	no
ENSG00000058272.19	0.134972869726323	0.211322619798567	0.378161724306735	0.298572063874655	-0.645814944911572	0.0436867391013497	0.561480492437863	yes
ENSG00000232388.5	0.116630842051905	0.216826473807853	0.370437207154357	0.299521126933834	-0.669611655299445	0.0341722533995304	0.531821665574238	no
ENSG00000125970.12	0.091120258709112	0.259995953511471	0.335876800305685	0.299893890660756	-0.820473875089262	0.00363684938453959	0.241594196028006	no
ENSG00000102977.18	0.0926626345366679	0.229816478104726	0.399239694315672	0.301634279497242	-0.516570669425616	0.126325809187661	0.711260788523261	no
ENSG00000114933.16	0.109858911794528	0.206361704781657	0.34334297906054	0.30215047867075	-0.288168823516275	0.419420774000907	0.898680792600468	yes
ENSG00000256053.9	0.117268256886331	0.313433210847718	0.372038150600862	0.302895244990451	-0.72737313460548	0.0171250240596231	0.450567394178996	no
ENSG00000107021.16	0.0317911602346592	0.215593321785331	0.339913035141548	0.30417452722923	-0.51472929167236	0.127919359933779	0.71405524154124	no
ENSG00000072803.18	0.138795348999565	0.333009349352295	0.359860194162227	0.305097620703317	-0.838717129920851	0.00242495377423532	0.195670047206912	yes
ENSG00000116580.20	0.133504841984828	0.258680910013058	0.351038764464953	0.30541855386684	-0.240814181594546	0.502719518108293	0.921750748422825	no
ENSG00000100211.12	0.107600439122672	0.343063687567057	0.372890655205092	0.305871373973063	-0.65960322023854	0.0379824920321386	0.544384626311757	no
ENSG00000090905.19	0.0987977485427794	0.257912645026693	0.357956949922867	0.305993417236642	-0.654612193278858	0.0399854556903608	0.548926547050197	no
ENSG00000173141.5	0.129582060955075	0.227981995601876	0.361282454838532	0.306021504827141	-0.166376112476328	0.645960475788412	0.951024233454168	no
ENSG00000108055.11	0.0741787184282295	0.265485842254217	0.360189072928495	0.306027206185802	-0.452926661800531	0.188678197735911	0.777657827904329	yes
ENSG00000090266.13	0.08396815276899	0.209918821351524	0.390234788098909	0.306511734867968	-0.841645935393247	0.00226197587555258	0.187617630303514	no
ENSG00000231043.3	0.0373099667481835	0.211574739928762	0.384988929694864	0.307805921879794	-0.627441688716128	0.0521423301722392	0.586927351074477	no
ENSG00000204576.12	0.0789810760255513	0.408247740191478	0.359928047373909	0.308737238194264	-0.633286296685595	0.04934405730361	0.583308072232382	no
ENSG00000165671.22	0.124869775846901	0.223687162858872	0.37879691340658	0.309540040739271	-0.379017934767116	0.280087745802189	0.838302153283674	no
ENSG00000103653.17	0.0899121108776814	0.223309072325613	0.373175364265209	0.309829312327083	-0.386858687278837	0.269429210290698	0.834058041309245	no
ENSG00000156411.10	0.147919301515001	0.341274725333505	0.380192921992444	0.310399936517354	-0.43583472638084	0.20800302811072	0.790538669030504	no
ENSG00000145050.19	0.093999716982869	0.25156525097588	0.359779826180033	0.310837457550139	-0.373395186893895	0.287869340194931	0.84286810009424	no
ENSG00000087086.15	0.0856811582575521	0.233664416143288	0.469832580131595	0.310877985843289	-0.594020556172302	0.070174753334815	0.63162229613187	no
ENSG00000124486.15	0.147601115484021	0.230645905994264	0.37655901158867	0.310892638302102	-0.523019908150095	0.120841852432255	0.704769396990205	yes
ENSG00000115816.15	0.10660698321826	0.356665219783543	0.34917199387344	0.311422446591566	-0.162511881405201	0.653746077433562	0.95261242630838	no
ENSG00000116685.17	0.0815160054726625	0.216283457901451	0.357733856452489	0.311859822212438	-0.0959520966900687	0.792026601051794	0.978162749753326	no
ENSG00000004766.17	0.0759532323103777	0.227867103089451	0.391774597063891	0.313004789938821	-0.64393000157089	0.0445085980550901	0.565160625264409	no
ENSG00000165060.15	0.055881624304495	0.221768842383274	0.357394591537791	0.313562549830379	-0.293264761618708	0.410867701011891	0.894169378640407	no
ENSG00000187514.17	0.107255589753106	0.219127921697451	0.383441520832339	0.313925874502054	-0.691995170263215	0.0266065256948715	0.503588054807178	no
ENSG00000120071.15	0.0919413906439461	0.204619651129728	0.372162489605692	0.314526427416082	-0.767240357579309	0.009590857028362	0.372964334264167	no
ENSG00000167562.14	0.0415191971384058	0.201802121332902	0.45758990571863	0.31598760307884	-0.31450262280178	0.376130979355826	0.882386179688823	no
ENSG00000156860.16	0.0613639732972574	0.259335609805795	0.351394358292139	0.316617759403072	-0.281687138551779	0.430418894739696	0.901948999751615	no
ENSG00000138081.22	0.144781841793697	0.289005862613524	0.415484634194361	0.317254622456764	-0.229500062111567	0.523585597579324	0.928188653880746	no
ENSG00000204435.15	0.138982369952041	0.265796607981014	0.377314285959644	0.318566952654961	-0.252798684065019	0.481008875246847	0.917572243234633	no
ENSG00000137942.18	0.0665750391678123	0.221475855627625	0.414338028760737	0.319685381394854	-0.375733148460641	0.284619750548268	0.840524330616055	yes
ENSG00000125633.11	0.1472331093807	0.313351936921571	0.362097657175313	0.320094771083629	-0.776527046722413	0.00824902868049314	0.351044740662459	no
ENSG00000126267.11	0.115581670617443	0.312128967919295	0.395987292589669	0.321322489391003	-0.185855665530962	0.607195571985248	0.945977590985948	yes
ENSG00000112624.14	0.102232741754825	0.218681814921134	0.413246555448603	0.322011243958269	-0.483097561236694	0.157240850644634	0.753243497200187	yes
ENSG00000091157.15	0.125836265120123	0.230743853294873	0.388050294651854	0.322346923865304	-0.631910358204675	0.0499936020569877	0.583308072232382	no
ENSG00000168036.18	0.0773943816798604	0.219276350225755	0.388391474818483	0.322484962675965	-0.276232637182766	0.43977617947065	0.904361440615878	yes
ENSG00000179119.15	0.123678152107176	0.27582969768607	0.381921413968666	0.32294649419562	-0.700246791064082	0.024134804132407	0.491209298728206	no
ENSG00000143337.19	0.0900410361481443	0.202164087661771	0.385781401256716	0.323133114957971	-0.488421466401838	0.152046590734491	0.746938371885146	yes
ENSG00000048405.11	0.113846548609806	0.243402880391106	0.372466728633555	0.323409016305369	-0.244435256986139	0.496116570672387	0.920055062594064	no
ENSG00000197863.9	0.0510956251366943	0.202065914199924	0.372747131010676	0.325102716909101	-0.6840750225858	0.0291368520617228	0.520313110938916	no
ENSG00000086200.17	0.0887671423380323	0.27096151982762	0.372190571989026	0.325312805482147	-0.530902977868398	0.114343215285385	0.696935686951829	no
ENSG00000182899.17	0.10476261392795	0.246941413107275	0.412649528005712	0.325439604718548	-0.367887138708731	0.295603456910052	0.846323565843438	no
ENSG00000136950.13	0.0871171135092888	0.231472927552724	0.353388066074445	0.325661469276309	-0.580032253396173	0.0787900086519191	0.647726628825342	no
ENSG00000108518.8	0.105969108618458	0.212768163866885	0.364366855625653	0.325684448429469	-0.642281277491437	0.0452358961903676	0.566049178877697	yes
ENSG00000168438.15	0.102028047938514	0.200666343787861	0.437424241491502	0.326558111199715	-0.177940541970552	0.622847289251284	0.949067912070219	no
ENSG00000253341.1	0.120356426097754	0.290921655890343	0.408545049542191	0.326666278913664	-0.3376102365486	0.340054364488611	0.868264281990296	no
ENSG00000171530.15	0.0754559587420257	0.218229425751382	0.362073123617663	0.326705585609794	-0.339694952758249	0.336889993730652	0.866319468864934	no
ENSG00000198205.7	0.140726944468848	0.225155070292202	0.37650535866313	0.327142374352021	-0.215150932869738	0.550544932672118	0.933510055845613	no
ENSG00000157500.12	0.120770036395222	0.21826547363543	0.389091462978902	0.32756343885212	-0.802223235210289	0.00523244064876232	0.281952290431116	yes
ENSG00000082805.21	0.10707403555818	0.231481994917491	0.41677931172647	0.328142519112027	-0.348278942395045	0.324020672604351	0.858676470532228	no
ENSG00000185722.18	0.17967979622096	0.331834355812433	0.392110023301822	0.32875397299743	-0.30905216176646	0.384903946380147	0.88527927316325	no
ENSG00000076108.12	0.140581918871136	0.332204164148654	0.399791993173968	0.328885260881462	-0.56549700885216	0.0884370853315654	0.663756729350388	no
ENSG00000100354.21	0.124124325881908	0.262019002258734	0.368358032977008	0.329169914082022	-0.547668197144004	0.101262308257114	0.681366815330329	yes
ENSG00000130175.10	0.070515419547445	0.258438047445887	0.368247918248649	0.330480757464418	-0.699363492837047	0.0243915261131335	0.491209298728206	no
ENSG00000066379.15	0.105601922413739	0.200059437262888	0.372381014684999	0.331422704539334	-0.677850199199798	0.0312372098962309	0.526086108004078	no
ENSG00000185129.8	0.115586552763072	0.280100709252116	0.455070524749432	0.331710399848005	-0.574678768825893	0.0822598025446004	0.655432879220103	yes
ENSG00000114942.14	0.0843311312931746	0.26761589704208	0.398510051459299	0.332674547024366	-0.572364178428231	0.0837899474835847	0.655432879220103	no
ENSG00000214160.10	0.137254868113791	0.320335313203807	0.407012422391485	0.332744086972149	-0.665004410469373	0.0358924299061416	0.536592696856265	no
ENSG00000103549.22	0.0748064576514047	0.234139898202199	0.43715231361051	0.333278284372041	-0.6268409144801	0.0524358031431856	0.587846656208322	no
ENSG00000188786.10	0.110995308908003	0.212559809086033	0.384386646452007	0.334865003886339	-0.646148293188258	0.0435424615734076	0.561480492437863	no
ENSG00000230590.13	0.145748601109389	0.211938045410879	0.464051481973176	0.335120530780956	-0.34881025748892	0.323232629074013	0.858663728261364	no
ENSG00000154832.16	0.0580500725000584	0.216917630066409	0.414161169758864	0.335635684181833	-0.580405524801466	0.0785516706846733	0.6475812787232	no
ENSG00000177119.17	0.117582693392104	0.249438315903731	0.434567130620884	0.335686376667025	-0.604756692267207	0.0639966924504741	0.616986294033889	yes
ENSG00000132661.4	0.0634890190310964	0.211209242475846	0.385204412844366	0.336202378846687	-0.440767632251026	0.202313047636214	0.787077518166963	no
ENSG00000119705.10	0.137020858972711	0.220574321863751	0.4013748502018	0.337184631830867	-0.360414757290666	0.30627073826949	0.852733549195897	no
ENSG00000130856.18	0.120467813251991	0.214831253579318	0.435652236624644	0.337999085318454	-0.430599875847483	0.214141184524399	0.793545527350775	yes
ENSG00000127481.15	0.171153458949338	0.253314530270182	0.379894266815439	0.33845544981783	-0.55079290080566	0.0989343800259535	0.679081673571361	yes
ENSG00000123144.11	0.160946424312585	0.228375242357248	0.379253844784254	0.338936181619016	-0.0150364499410173	0.967115201509237	0.997874013953464	no
ENSG00000116747.13	0.165460012514315	0.243439833813234	0.442142198943229	0.339758869853963	-0.110903504724958	0.760360524793964	0.974147505394574	yes
ENSG00000128585.18	0.191958890359887	0.340316311351599	0.391111798919005	0.340583208408552	-0.139139236754381	0.70145725285167	0.96219811531219	yes
ENSG00000163635.20	0.0954337506722428	0.216879041795692	0.378789940692129	0.341292260303774	-0.0485676517486401	0.894008512117106	0.991001747381748	no
ENSG00000181904.9	0.0784335538382137	0.214602677197693	0.421259466276529	0.341579274032848	-0.426173180557311	0.219411929831667	0.796994762834278	yes
ENSG00000005483.23	0.122766705341245	0.202096433046638	0.386810925185642	0.341709135243131	-0.204105297639602	0.57165927300349	0.937008746553633	no
ENSG00000270647.7	0.0922220484435641	0.270139875905142	0.392818167808834	0.3429006937568	-0.552344884050988	0.0977908811060551	0.676799338960826	no
ENSG00000072501.19	0.0843668282653774	0.2003028138796	0.414330577741232	0.343006084425373	-0.558604456574454	0.093264241333777	0.671855502708679	yes
ENSG00000038219.13	0.181264714096045	0.306424097074761	0.44198200767437	0.343226141469187	-0.0886285189543468	0.807640840826801	0.980629694709592	no
ENSG00000115760.16	0.19179476629863	0.281185391787607	0.406483961952356	0.343463829670506	-0.150599833012413	0.677933473815338	0.957827206342455	yes
ENSG00000170471.15	0.102897605053954	0.220650345306344	0.425459187349295	0.343910723926267	-0.539194613855854	0.107748693655946	0.688892413863981	yes
ENSG00000196914.9	0.151687409733902	0.265033148578462	0.477498934641188	0.344637720220535	-0.578498152481152	0.0797744568719614	0.650191182706217	yes
ENSG00000104979.9	0.125058168263896	0.272049926743954	0.410288736808161	0.344698206098486	-0.265121867628385	0.45912022727171	0.909985676291163	no
ENSG00000145725.21	0.127545914003655	0.272849616125867	0.412696824935068	0.344715832831654	-0.507798170758676	0.134028765523606	0.721684170074787	no
ENSG00000085433.17	0.135683321330169	0.252316662381551	0.391503389866766	0.345450641557875	-0.81284650592294	0.00425351135269652	0.256714971762135	no
ENSG00000147050.18	0.11543373720282	0.243742844146744	0.442442657913859	0.345532091208243	-0.0926813545104134	0.798992086628648	0.979583867805652	no
ENSG00000232112.3	0.110178009554685	0.214140626728846	0.413510882082174	0.345889658888176	-0.674273939596672	0.0324893094389368	0.527974816354119	no
ENSG00000137288.10	0.0745045588985755	0.276380763309173	0.433503257048735	0.345970536726735	-0.43692361497443	0.206739165399427	0.789672340798893	no
ENSG00000124459.12	0.0792708228555861	0.225136299691936	0.42037897644153	0.347461705347271	-0.5519811502608	0.0980581224119644	0.676799338960826	no
ENSG00000176101.12	0.127173583125569	0.255119699198681	0.450558128572585	0.348064107277762	-0.679253667160802	0.0307549420323396	0.524391172512372	no
ENSG00000135317.14	0.144786101617226	0.220165672869903	0.459978020962715	0.349330250704444	-0.0611171426641376	0.86680451914831	0.988618248607733	no
ENSG00000164587.13	0.0984217109403768	0.231061525882756	0.39803532006301	0.349370989767645	-0.276393070102251	0.439499634635086	0.904361440615878	no
ENSG00000181450.18	0.0918326987906754	0.324001321985418	0.4793616358181	0.349402394786842	-0.466977312472439	0.173613537949724	0.76739993037554	no
ENSG00000173915.16	0.109162009858221	0.211762885282232	0.382630567845036	0.349508035426386	-0.288827970897276	0.418309784752733	0.898390470910856	no
ENSG00000148334.16	0.0973193895620095	0.20442999704147	0.406644958986947	0.351187513370159	-0.494550936785819	0.146196825575898	0.738680831454196	no
ENSG00000213741.11	0.10200382258387	0.236510612613618	0.422389842738073	0.351505299917389	-0.218176876535743	0.544814804312541	0.932374125969957	no
ENSG00000157106.18	0.1436396416415	0.249067297070812	0.417410782322083	0.351665857710406	-0.288901883174931	0.418185292261063	0.898390470910856	yes
ENSG00000279738.1	0.10389763799195	0.268677699643467	0.412027567184803	0.352510779461195	-0.825639021460858	0.00325753290741432	0.230604587630972	no
ENSG00000264350.1	0.0994804379964427	0.243260601390852	0.419464324208884	0.352860529674337	-0.584770931102356	0.0757988754386567	0.641062890138272	no
ENSG00000110395.8	0.0933245448843831	0.241158030197142	0.433752315591611	0.35325668103992	-0.101289193065827	0.780689129901903	0.976933639227449	yes
ENSG00000102531.16	0.116762624032102	0.377038897510891	0.49288367074172	0.353690233803459	-0.558878708957528	0.0930690323260589	0.671619525903212	no
ENSG00000173113.7	0.095668657256306	0.263306059932067	0.391120573535916	0.354913460896245	-0.240244530346043	0.503761622436594	0.92216202126992	yes
ENSG00000204220.12	0.102809556505502	0.254623885973614	0.436187452921025	0.355267246901461	-0.364432173230605	0.30051067329007	0.848696840658535	no
ENSG00000154767.15	0.105189362419634	0.264916738114266	0.447781349809389	0.357446558818657	-0.244624506571868	0.495772497465599	0.919689419612888	no
ENSG00000196230.14	0.0802920487619117	0.289578548314742	0.401458093437997	0.357787700255224	-0.565852205269188	0.0881927609301223	0.662968439835999	yes
ENSG00000065613.15	0.0948219351671133	0.202827560704466	0.395985514754035	0.357854280929187	-0.253696629714258	0.479398828335083	0.91750373147828	no
ENSG00000164323.15	0.134224281529836	0.255193284078744	0.42589339547963	0.357878994797587	-0.647546043888748	0.0429409743102306	0.559751182321259	no
ENSG00000004059.11	0.0815497491069719	0.213912851680954	0.396652847837233	0.36022660242014	-0.430981553114544	0.213690171980223	0.79294464415278	no
ENSG00000188846.14	0.0854048532219165	0.212404575553335	0.425200232667383	0.360274113136381	-0.700761958210702	0.0239859362219642	0.490777037377272	no
ENSG00000013306.16	0.0994469118496693	0.210344765061618	0.42375927604148	0.360400359585156	-0.191326340842956	0.596460550904022	0.942753923101774	no
ENSG00000180357.10	0.100733436882287	0.214975506383437	0.443553933924769	0.360707857076561	-0.661207351561749	0.0373534001148521	0.540231192855495	yes
ENSG00000081014.11	0.10053875660796	0.209495919655446	0.400734804926246	0.361683936158469	-0.264934146814262	0.459450272364475	0.910286508474798	no
ENSG00000179941.9	0.105330481236394	0.301504696915449	0.439879074879502	0.362970019725495	-0.729945923444135	0.0165442198882581	0.444582864580937	yes
ENSG00000105618.14	0.0852064492566606	0.256345070078512	0.424248044841406	0.363020343648254	-0.121177509421368	0.738782394828127	0.970080677103847	no
ENSG00000087088.21	0.125449013201179	0.242776744188857	0.408956371575544	0.363042306222877	-0.189944908636209	0.599164797730197	0.943651188278375	no
ENSG00000115541.11	0.103823647252668	0.28027784201062	0.438772748384458	0.36308145843146	-0.44966947000477	0.192276277193602	0.781044707385733	no
ENSG00000133265.11	0.0943035993802194	0.259780129994544	0.467980455043924	0.363699744293317	-0.173379653767951	0.631928834626768	0.949067912070219	no
ENSG00000143970.18	0.205449786560667	0.217831064360617	0.404013315384957	0.363784116348013	-0.246056108893181	0.493173009105049	0.919328370993273	no
ENSG00000092439.16	0.149068764735369	0.29020695099806	0.407815385255074	0.364001622581185	-0.282927195356778	0.428304521956099	0.901288498705722	no
ENSG00000197081.16	0.100302736315068	0.241187380523167	0.428969297395952	0.36432071386687	-0.634226972733185	0.0489032388074921	0.58178396360163	no
ENSG00000197779.15	0.186066766674859	0.267069005240322	0.418307000380814	0.364836761908926	-0.468588386328472	0.171933513592797	0.766921098486484	no
ENSG00000125835.20	0.125711924312131	0.271209230623003	0.426768231563541	0.36486473745768	-0.787465057747546	0.00684564390419438	0.321128831107659	no
ENSG00000130520.11	0.104548368059858	0.226892920865958	0.431605763529701	0.365107919171132	-0.256386641286634	0.474589637543445	0.914182730020448	no
ENSG00000070831.18	0.113500185308568	0.218454664147216	0.42863253291183	0.366736599398138	-0.114235794236963	0.753344775072213	0.972666041517562	yes
ENSG00000107223.13	0.138234301671798	0.214946316207151	0.436243961915809	0.366865790620104	-0.415716567796699	0.232153663045139	0.808887947420376	no
ENSG00000005700.15	0.0616337767583826	0.219605689609046	0.43161132108958	0.36733687552986	-0.785729636604513	0.00705603974564283	0.325850768595829	yes
ENSG00000114439.19	0.15374611711766	0.289668337614288	0.440834942533424	0.367350563196444	-0.351944694027382	0.318603963669323	0.856596704296581	yes
ENSG00000071082.11	0.124811528431908	0.218719979078475	0.411652555851247	0.367839383973782	-0.689359531534062	0.0274311480972067	0.508533657952612	no
ENSG00000037749.13	0.123038538995898	0.282298960365672	0.433660103838839	0.367913284026565	-0.735044245060795	0.0154340006873466	0.432682565235271	yes
ENSG00000005075.16	0.121099770660689	0.247787099785753	0.439057611305339	0.369652258057975	-0.140650949785161	0.698340760152266	0.962184495120397	no
ENSG00000183648.11	0.12991916186576	0.266746634960568	0.403705800728613	0.369670132797913	-0.105505315383243	0.771759051177111	0.976553830874979	no
ENSG00000241468.8	0.113402340911296	0.236636485914534	0.433416396725678	0.369755957700632	-0.455069598463098	0.186332719782896	0.774473213293059	no
ENSG00000103657.14	0.197190296082162	0.284491671297824	0.435123450291937	0.370645648236461	-0.465825515981181	0.174820591271427	0.76739993037554	no
ENSG00000092978.11	0.0749875763631112	0.206123022394261	0.462994079216862	0.371126565157409	-0.672217361954695	0.0332245650750731	0.529128430733152	no
ENSG00000196417.13	0.0552810721309564	0.200756939632464	0.429664977930296	0.371606772471654	-0.476435281907878	0.163889704259828	0.758209046538642	no
ENSG00000170776.22	0.108978325760392	0.212469211341049	0.421048797273163	0.371755009240281	-0.0288626279777699	0.936915571373018	0.994776664525783	no
ENSG00000105856.14	0.173309573632893	0.322259524433434	0.419676062094652	0.371798184164639	-0.0226337725816355	0.950513978750201	0.996183055020943	no
ENSG00000170242.19	0.0990348114880185	0.226365716067672	0.422204318697473	0.371861605511758	-0.211173636797723	0.558112333414009	0.934467361313512	yes
ENSG00000102898.13	0.134376510858232	0.242746831510866	0.411451328992449	0.372086545124085	-0.120626911668619	0.739934778790703	0.970164079801163	no
ENSG00000159082.18	0.0810531629578496	0.211848370061889	0.448552159903886	0.374966415198127	-0.034383315085757	0.924875353526579	0.994242941538349	no
ENSG00000103994.18	0.162033743771792	0.299871865926382	0.445675865334872	0.376490846100502	-0.346653004492522	0.326438441465224	0.860399705385085	no
ENSG00000114904.13	0.0954000275072465	0.24257821581133	0.453124036261389	0.377199224526587	-0.25986414439648	0.468404093747659	0.912730493447002	no
ENSG00000048707.15	0.0725716091764437	0.200157592920069	0.426305160115823	0.378588671943591	-0.454994045111662	0.186415120824427	0.774473213293059	no
ENSG00000066933.17	0.178850201825928	0.250329240054284	0.473165170376183	0.378826662374498	-0.374556407935561	0.28625284834938	0.841916806545809	no
ENSG00000065060.18	0.114976766660347	0.294224483225074	0.431922255251587	0.37894370392964	-0.488992736504865	0.15149549552962	0.746540346371798	no
ENSG00000136810.13	0.152842018070851	0.227123712692038	0.416828167811109	0.379065264862135	-0.791511822275646	0.00637238689628798	0.314321688535507	yes
ENSG00000066739.12	0.125841419447963	0.213979133294353	0.448224969034477	0.379726116694996	-0.223436855602299	0.5349109143268	0.930457236132818	no
ENSG00000109475.17	0.0796121846845855	0.224196985512656	0.435691619593109	0.380524271898052	-0.591882543094166	0.0714497390858952	0.633511063725462	no
ENSG00000288044.3	0.0655183791996021	0.20110403612805	0.481763160125381	0.381320882402919	-0.263650708724135	0.461709610016486	0.910388202902946	no
ENSG00000008294.22	0.0981452943540531	0.206415538443659	0.447746187374171	0.381364253990288	-0.512412399780512	0.129942012199829	0.717056064787655	yes
ENSG00000186577.14	0.017391618854436	0.220455183509136	0.466070857051395	0.383901273577329	-0.443599165346355	0.199088227809366	0.784707806774847	no
ENSG00000214026.11	0.118502590580697	0.203811063781535	0.480885460289481	0.384495985519677	-0.468991813149658	0.17151434327317	0.766317620998122	no
ENSG00000137818.12	0.11025571427413	0.364919529571665	0.480947014891293	0.384605467815727	-0.208772857301527	0.562699584369698	0.935495088744409	no
ENSG00000092010.15	0.0609936920997198	0.253108519628393	0.466983372305194	0.385093145501953	-0.826494386746266	0.003197581459745	0.229900687326073	yes
ENSG00000100815.12	0.10225368483985	0.210129179258312	0.432409917688451	0.386415518104745	-0.589803915343261	0.0727036797515073	0.63664496211774	no
ENSG00000170906.16	0.12461277109609	0.235557455844362	0.480418791845249	0.387356623583356	-0.420620191490478	0.226127511242344	0.802735870898352	no
ENSG00000138326.21	0.128371640645174	0.235046364046992	0.445924334632333	0.388497427479701	-0.484917568921799	0.155453294314403	0.751502836201789	no
ENSG00000160218.13	0.159007901614279	0.298421022143908	0.474109492676175	0.389331087374121	-0.225069534364325	0.531851612754137	0.930165342534549	yes
ENSG00000135837.17	0.120151889240927	0.251793037587526	0.43841964328894	0.390051689245298	-0.15629469391951	0.666335471062527	0.954734960629131	yes
ENSG00000165813.20	0.161277083868123	0.216800201833228	0.458590759534044	0.390476143532108	-0.222560153529276	0.536556586659194	0.930487262269607	no
ENSG00000113712.19	0.133775682045691	0.369886253715003	0.469305675844475	0.39070033086485	-0.558645604340909	0.0932349362903542	0.671807376414894	no
ENSG00000114742.14	0.184525718447435	0.257557536569276	0.445706979337831	0.391100511882569	-0.464059776297146	0.176680697136354	0.76796950054371	no
ENSG00000148824.19	0.0977772498234661	0.212666647993728	0.473972359858784	0.391933895741411	-0.0524994135600596	0.885473537213844	0.990623994694429	no
ENSG00000177192.14	0.101480352093569	0.210661742853188	0.458909578941723	0.393520612008809	-0.593317916472601	0.0705921168910251	0.63162229613187	no
ENSG00000172809.13	0.108949395462359	0.277917199125293	0.475076054919433	0.394550517400696	-0.812552867954259	0.00427865067400631	0.256914853506418	yes
ENSG00000236456.1	0.137152554113662	0.237797777240434	0.532875104376548	0.395260816005478	-0.0538349068139872	0.882576851140544	0.990510329161874	no
ENSG00000149016.16	0.0888493460181407	0.210149018599079	0.444197663810722	0.395300466358846	-0.336458748429487	0.341808681516049	0.86847108332759	no
ENSG00000198804.2	0.0702787380454123	0.211182408109801	0.534246973059445	0.397054303758665	-0.460187724242708	0.180800618500772	0.769928934238735	no
ENSG00000197535.16	0.0972166059177134	0.296953629021416	0.478596670135954	0.397879992436712	-0.416492005064542	0.231194734400815	0.807484800728066	yes
ENSG00000126432.14	0.130414772777559	0.267582864237008	0.453897588362849	0.398473877836635	-0.44996789547328	0.191944961095363	0.780647391120352	no
ENSG00000119285.11	0.100561599148623	0.217610992322072	0.517299546873072	0.399306851218108	-0.328506420519208	0.354049512088867	0.873564437688015	no
ENSG00000217128.13	0.135690176107327	0.294823448788017	0.496225892054355	0.399373023516714	-0.405597672781852	0.244872492623187	0.816901898208394	yes
ENSG00000213839.4	0.0993185187326792	0.270237992074069	0.478696722743255	0.399850885155294	-0.443321227688588	0.199403436790988	0.784707806774847	no
ENSG00000145592.14	0.125019026495494	0.245548418450286	0.456599147564688	0.401375323799546	-0.404599423954972	0.246147880497623	0.818263189279797	no
ENSG00000143793.13	0.088912847830254	0.222387878994061	0.480010867731296	0.402790656396933	-0.483240350078792	0.157100161693687	0.753243497200187	no
ENSG00000223546.9	0.13230402273134	0.223245009614061	0.479310652960504	0.403100091457927	-0.356013820335063	0.312647016116044	0.854798265247931	no
ENSG00000291202.1	0.0531361939812014	0.274702047058804	0.486633393181804	0.405334027093847	-0.271487327137314	0.447991737500977	0.907655152725638	no
ENSG00000233330.1	0.0356733090134678	0.261904765213326	0.628005548025462	0.40603748670656	-0.724936382674507	0.017688037661866	0.453676580632064	no
ENSG00000102189.17	0.123605550227431	0.205682283884565	0.493843975938261	0.406827646033717	-0.0837156324303754	0.818150083202163	0.981701972534761	no
ENSG00000063177.13	0.131554912372002	0.213612381558204	0.465959094074645	0.407421213998617	-0.283700905590543	0.426987746037592	0.900887737910283	no
ENSG00000158716.9	0.0842952575316734	0.225986548050638	0.515689664082337	0.40969784436774	-0.483140424731465	0.157198609531792	0.753243497200187	no
ENSG00000111897.7	0.091445379048753	0.210783500658618	0.458921524489935	0.410186355818658	-0.422647951568453	0.22366183455281	0.800422991743818	yes
ENSG00000213465.8	0.105420303421929	0.233469918751572	0.455090030476171	0.410808103094375	-0.181045945942484	0.616689879076111	0.94791038815243	no
ENSG00000164463.12	0.0863895141624872	0.204039294079069	0.490679314682468	0.41155594377235	-0.594223191552629	0.0700546887706425	0.63162229613187	no
ENSG00000184897.7	0.0953609696145684	0.27338218688546	0.514614020890563	0.411885314834184	-0.074962522150248	0.836937848897316	0.984982555700577	no
ENSG00000127603.32	0.14533027824279	0.251636623873072	0.465648541530828	0.411928888806249	-0.769423404417507	0.00926252951264938	0.369776684075565	yes
ENSG00000188167.9	0.143886867757335	0.283321929446571	0.523021098932421	0.41223976243175	-0.176317958241584	0.626072976451084	0.949067912070219	no
ENSG00000123136.15	0.124263412972847	0.20151927440196	0.494278268655331	0.41332874466756	-0.608246385246481	0.0620682325582385	0.611565427262388	no
ENSG00000176994.11	0.17609981893476	0.283666688606452	0.471821621790111	0.413588354933859	-0.320043120506616	0.367315143039746	0.878852679086395	no
ENSG00000010404.18	0.101185281321968	0.226669537479534	0.515851115475831	0.413751223929219	-0.539193679537842	0.107749422906812	0.688892413863981	yes
ENSG00000173660.12	0.0982648097403746	0.208662628700837	0.468889676537473	0.413991336691425	-0.689291487832355	0.0274526656461924	0.508533657952612	no
ENSG00000166228.9	0.0718809977187263	0.235226572425786	0.472646880431502	0.414049448151673	-0.47911776768994	0.161192703074686	0.755582530494579	no
ENSG00000071246.11	0.0500329773361443	0.225619001222957	0.542270204811278	0.418236696103738	-0.156717830411799	0.665476223953733	0.954734960629131	no
ENSG00000174917.9	0.0780454634459235	0.224275972422132	0.460822687283874	0.420048827954406	-0.422143235766779	0.22427411113164	0.800450440998831	no
ENSG00000048162.22	0.101401104512252	0.213265394844617	0.463136751737167	0.421194041631928	-0.445952726600732	0.196430687360928	0.783863023602676	no
ENSG00000176986.16	0.160904444039491	0.342762233028895	0.534048569446986	0.422172135323555	-0.441387451624118	0.201604563814232	0.786241911991043	yes
ENSG00000196712.20	0.158055505081597	0.225788973618345	0.510680000499346	0.423814543959098	-0.590909637154925	0.0720348814102314	0.634907619054738	no
ENSG00000106268.16	0.0978013259515506	0.225811373841569	0.518490724709778	0.425569522838017	-0.516761163325909	0.126161659075282	0.711260788523261	no
ENSG00000110344.10	0.182305246617716	0.34570559538203	0.524716655065653	0.425667405498522	-0.104038610180825	0.774862964794339	0.976553830874979	no
ENSG00000135968.22	0.122571288247542	0.293743551549146	0.468475622466729	0.427103694155197	-0.508708309572956	0.133216490560294	0.720844284224737	no
ENSG00000167797.8	0.0861935880908049	0.215628577130313	0.491869502869749	0.427263129940668	-0.408827033933815	0.240771955472592	0.814404394676141	no
ENSG00000249915.9	0.135509713019488	0.309327384192323	0.488240940477187	0.429135245461159	-0.0659562459396343	0.856346723022988	0.987188255290309	no
ENSG00000160007.20	0.116734490549625	0.216720301444726	0.488173407447134	0.42931463459528	-0.142252634287715	0.695043208893624	0.961420477696046	yes
ENSG00000011405.14	0.148907962313109	0.289255380888645	0.479583906815939	0.433188746937817	-0.325021044058211	0.359483019579062	0.875110840295592	yes
ENSG00000213261.3	0.0826672652912614	0.324629253038888	0.562358644266684	0.434679614972141	-0.350304024283148	0.321022426789829	0.857478029984268	no
ENSG00000133138.20	0.107932798811442	0.282197007264789	0.569259832178585	0.43610865312609	-0.651033713387894	0.0414645076710851	0.554333967667596	no
ENSG00000244313.3	0.0886400757580805	0.226801199434826	0.542440320304403	0.442317029826216	-0.774440715073162	0.00853811674258942	0.354588585390839	no
ENSG00000121903.15	0.133348618013458	0.21483821781778	0.48459981347881	0.444209753864375	-0.361390658186475	0.304866192494177	0.851590711886113	no
ENSG00000155304.6	0.106000675003675	0.241811773792997	0.507810678134836	0.444765010265301	-0.461145489268075	0.179776306455296	0.769758852758984	no
ENSG00000185278.16	0.148946033779195	0.224314377225958	0.540140222196818	0.445521536460205	-0.403071878412902	0.24810667541257	0.819009879144158	no
ENSG00000235065.1	0.115639634813091	0.219494509290996	0.54579526041102	0.447296715303567	-0.210220145183842	0.559932464123467	0.93481584334208	no
ENSG00000164961.16	0.05497736067474	0.201104840766837	0.529138581799283	0.448169079312388	-0.193310902336571	0.592583429171989	0.941621030283031	no
ENSG00000004700.16	0.174415606766621	0.402419966390603	0.510843472259883	0.449535723125891	-0.254060017520142	0.478747929407414	0.91703915725866	no
ENSG00000164066.13	0.131266480596921	0.227953402453512	0.561637708931247	0.449927081003408	-0.184596260619704	0.609676580788342	0.946662814059999	no
ENSG00000103202.13	0.0821590479798396	0.211933535800515	0.523828247422921	0.450079959358219	-0.572970090635491	0.0833876316375798	0.655432879220103	no
ENSG00000279159.1	0.1713259584157	0.247500569694058	0.538597594766364	0.451227674706896	-0.00822409358198144	0.982011012020401	0.998938949831705	no
ENSG00000260853.2	0.0873865561213318	0.22824044071945	0.591695725899434	0.451258674633983	-0.216744996646816	0.54752335924829	0.932962289880667	no
ENSG00000280046.1	0.137798061541967	0.203492042661356	0.538538834275834	0.452227761279978	-0.514716251468424	0.12793068919645	0.71405524154124	no
ENSG00000125107.19	0.171386262966162	0.263332070801288	0.54834645260209	0.453598069611507	-0.533717397051962	0.112077259983192	0.695220839344247	yes
ENSG00000177463.16	0.197029663757507	0.336970106921676	0.519307886513774	0.454350448048509	-0.607709223937124	0.0623625560797312	0.613583081587653	yes
ENSG00000149273.15	0.0711486192359155	0.204698832379635	0.533899635463231	0.454752048852182	-0.372928652631408	0.288520163303828	0.842983399619381	no
ENSG00000174373.17	0.080825847113541	0.242683870127546	0.526136913339635	0.457094081002454	-0.631257579890304	0.0503037420370265	0.583505928613452	no
ENSG00000108107.15	0.148814775588892	0.244783755543503	0.513866204630346	0.457233634672886	-0.103980709314258	0.774985556680654	0.976553830874979	no
ENSG00000106588.12	0.115865191492208	0.220803402200001	0.515920256090347	0.457546822048248	-0.164054391141139	0.650634593215209	0.951674912490938	no
ENSG00000074621.14	0.12123528425739	0.228518767967855	0.520688873327006	0.458370625079507	-0.324787037591592	0.359849310131008	0.875110840295592	no
ENSG00000215388.3	0.126512503031906	0.226709547114413	0.549517630156246	0.4590665432087	-0.284434994001581	0.425740144728644	0.900263323619736	no
ENSG00000189144.15	0.144776249397632	0.281872588100347	0.527394691404518	0.460133415079679	-0.928654244694508	0.000103938060516108	0.0172421048545549	no
ENSG00000175756.14	0.0755312477470272	0.235590494159405	0.568693857314377	0.46036823986261	-0.418788255978614	0.228368295428726	0.804983432934914	no
ENSG00000102030.16	0.107476978915541	0.232583012313424	0.523439889225517	0.462612794084988	-0.157924777716098	0.663027250306918	0.954259480567212	no
ENSG00000197603.16	0.145464444685369	0.228848512613361	0.55685933413718	0.464429577079155	-0.664677789743159	0.0360165558265819	0.536701816201112	no
ENSG00000148362.11	0.122430697021818	0.229561069425043	0.538608184792596	0.465370228407839	-0.480949265485387	0.159366726264209	0.755031383914427	no
ENSG00000159459.12	0.0977828852120236	0.21255060791652	0.519125133830512	0.466507447078079	-0.122984234657431	0.735004273973175	0.968947769257279	no
ENSG00000167526.14	0.140135882825403	0.273986455876341	0.52080223531496	0.469901212679696	-0.643946253037549	0.0445014683192053	0.565160625264409	no
ENSG00000196369.12	0.0680470125427822	0.221054364411297	0.588222718289585	0.471951496906502	-0.505863834675886	0.135765210983046	0.725068757055687	no
ENSG00000112039.6	0.0524939870035191	0.216736959483284	0.591227033806357	0.472770674197553	-0.507149950705114	0.134609138811305	0.722630647410965	no
ENSG00000249129.1	0.11106156967919	0.241042969112459	0.58592934528066	0.47629580271376	-0.392049850218674	0.262496562933095	0.829209887205886	no
ENSG00000182154.8	0.120179317248291	0.253617291605807	0.558201270193339	0.4780648709343	-0.786090170520795	0.0070119575964981	0.325842048310508	no
ENSG00000289443.1	0.153528383933433	0.270752633592563	0.577333472415011	0.480409146375374	-0.669315853015091	0.0342809805178992	0.531821665574238	no
ENSG00000157999.6	0.167846552782285	0.217987613220799	0.60191424286468	0.480835009904332	-0.382986856155192	0.274664364772379	0.836931429311464	no
ENSG00000198718.13	0.0545746648260011	0.219431444321223	0.540981805330237	0.485813069376233	-0.632633600257249	0.0496514732541271	0.583308072232382	no
ENSG00000271533.1	0.186493326984797	0.250601769233107	0.548715036048921	0.487615946909008	-0.422207889604813	0.224195625578517	0.800440652390102	no
ENSG00000272037.1	0.180519450468187	0.378638394373077	0.624424505874699	0.489579972213378	-0.514763523349682	0.127889622580461	0.71405524154124	no
ENSG00000163191.6	0.00109063543490068	0.290050301757187	0.605683142595042	0.490200442002003	-0.376787790141949	0.283160383083409	0.839808671122527	no
ENSG00000260257.2	0.0533179997748895	0.202672795323523	0.607193072457744	0.490562789339446	-0.688575615663057	0.0276797467615525	0.510828092192379	no
ENSG00000179085.8	0.114368116636391	0.223519763723642	0.590682591178259	0.492860789175631	-0.428707849587221	0.216384980663345	0.795913705402889	no
ENSG00000128311.14	0.0990203781409032	0.217596079199597	0.630532654719133	0.493496438865766	-0.442813240760952	0.199980294369796	0.784707806774847	no
ENSG00000168061.17	0.0745711085253129	0.2094698092138	0.554515857570468	0.49368090558566	-0.0393526764641822	0.914049208913287	0.992640793236702	no
ENSG00000132549.20	0.119528997066316	0.240062210204259	0.556174279346515	0.494193360153267	-0.321133197741397	0.36559285103678	0.878221894617224	yes
ENSG00000237991.3	0.0984241677980254	0.243857334791639	0.549144492023914	0.495358021127954	-0.365837690561465	0.298509175079467	0.846842730526821	no
ENSG00000142409.6	0.09115851498515	0.22301599174103	0.529259483130097	0.49601827511687	-0.488470347678882	0.151999388292707	0.746938371885146	no
ENSG00000197714.9	0.11882176753939	0.248406803566461	0.581607973714429	0.497950514959263	-0.520955011325163	0.12258124587223	0.707335785258845	yes
ENSG00000166439.6	0.188216147223487	0.254285695990286	0.589776666854274	0.498521041443561	-0.0890352557642163	0.806772001333771	0.980629694709592	no
ENSG00000127914.19	0.14169858430823	0.212886405705666	0.549954138310338	0.500138668433438	-0.240420858650668	0.503438955123449	0.921909615219311	yes
ENSG00000235313.1	0.113030636367839	0.213114744395014	0.574001851869638	0.501957471786965	-0.263298461763588	0.462330562043991	0.91058106231941	no
ENSG00000246451.2	0.122436167477156	0.237887490367441	0.612597795998805	0.506262577899162	-0.0770478929312342	0.832454706099345	0.98417386326709	no
ENSG00000138119.17	0.120890563761203	0.226325859585851	0.573502609108966	0.508329737432781	-0.57125991761332	0.0845263666420837	0.656071238666048	yes
ENSG00000015479.20	0.179927981925144	0.273483246165651	0.577748890844411	0.509140586369678	-0.409138344713453	0.240378713564473	0.814065825751529	yes
ENSG00000108510.10	0.0899841719944995	0.209158127106793	0.548625886123393	0.509863297192769	-0.370245135671166	0.292279037250323	0.844225742209238	yes
ENSG00000286018.1	0.0768692361622415	0.202723892997827	0.612060862929999	0.511172362162906	-0.399698818081424	0.252462662408732	0.822160441717383	no
ENSG00000218891.5	0.0768414503345519	0.20706815616692	0.589074528254385	0.516009365451439	-0.293943036650354	0.409735554361703	0.894169378640407	no
ENSG00000280927.1	0.192823613051592	0.292130438064068	0.602067914428129	0.516295404262032	-0.822439296718208	0.00348897219599923	0.236922786922954	no
ENSG00000286223.1	0.0984460440402145	0.20197583453767	0.609155112500959	0.521944195432192	-0.061194411172667	0.866637383675812	0.988618248607733	no
ENSG00000288722.1	0.11504998075914	0.252730637417072	0.642008737887884	0.527945711642891	-0.469525831476864	0.170960422692214	0.765339784625749	no
ENSG00000210082.2	0.00623427181340623	0.22025993197269	0.640961403250447	0.531782465697089	-0.610807578838844	0.0606774479146147	0.608085095638396	no
ENSG00000288663.1	0.0286934705012922	0.252675137995918	0.798598616602963	0.532758168287706	-0.0460820177409059	0.89940937703545	0.991607393808044	no
ENSG00000287110.3	0.0862563928099035	0.223662175086802	0.624985687274771	0.533792090426533	-0.362524222168105	0.303239020009511	0.850170863100614	no
ENSG00000161677.12	0.0899838398048858	0.205200199015478	0.586787480228977	0.539583483960298	-0.165441278612736	0.647841164059439	0.951024233454168	no
ENSG00000248971.2	0.0669027589099828	0.270367727142037	0.644020758929583	0.540057108322979	-0.698941973366889	0.0245146950731411	0.491444525348034	no
ENSG00000124942.14	0.112088427172252	0.298333229888408	0.641292279345236	0.541484448002481	-0.78308059124165	0.00738598652198351	0.334757332428425	yes
ENSG00000131153.9	0.0610607055358121	0.287322717663398	0.686309180407016	0.546456162885876	-0.768726415124406	0.00936648006998816	0.370837678930971	no
ENSG00000238000.1	0.102654422300312	0.219420526511846	0.638426056714057	0.551829964587788	-0.119533604251401	0.742224416901097	0.970957228946246	no
ENSG00000071794.16	0.137837968995326	0.403911224457227	0.703018313191613	0.552381630565176	-0.168584751678157	0.641524343005969	0.950648090287599	no
ENSG00000156875.14	0.203859189725898	0.282530477843511	0.661883316807709	0.554339774054313	-0.241297221963443	0.501836570368776	0.921550357045873	no
ENSG00000112667.13	0.101386869675087	0.277096269956366	0.653424386378283	0.556379459759672	-0.561566095238412	0.0911699755811035	0.668609843147761	no
ENSG00000241255.1	0.0994465078481243	0.21750436110643	0.673877218384539	0.559355631686936	-0.023019395124447	0.949671747383645	0.996134340860985	no
ENSG00000286067.1	0.109057373164928	0.229630098125427	0.660041790405513	0.570107569682687	-0.485869993334945	0.154522768329312	0.750842592500508	no
ENSG00000279425.1	0.138583719635326	0.279917533004079	0.658417196932934	0.570509354897535	-0.272776880377033	0.445752286638434	0.9070483433808	no
ENSG00000252690.3	0.0819955260841821	0.218447031185168	0.841688791522512	0.571373650971628	-0.19318289900244	0.59283322329403	0.941621030283031	no
ENSG00000283498.1	0.102211138633354	0.20979147793112	0.668548269957353	0.573167427804843	-0.599417422005978	0.0670226211258364	0.623486751789031	no
ENSG00000259366.3	0.165407708251677	0.209547356490498	0.63742270353314	0.574192278428274	-0.279766396168326	0.433703385544582	0.902600914574078	no
ENSG00000259562.2	0.0571289857899762	0.205338762829666	0.847515384675354	0.574935647613531	-0.038559965747796	0.915775380532505	0.992750283620269	no
ENSG00000162924.16	0.158405350077934	0.227769279301773	0.67666024525181	0.586185440040278	-0.585136062743896	0.0755715032168294	0.641062890138272	no
ENSG00000279407.1	0.12005667636498	0.235472191307336	0.722913148767851	0.588387125322235	-0.558456582837426	0.0933696040849905	0.67214832332659	no
ENSG00000240972.2	0.048538561611691	0.341145907917191	0.757296080449653	0.58925356175805	-0.380508111458474	0.278044727749556	0.83796220982949	no
ENSG00000159189.13	0.0711812212647856	0.260706372382752	0.731267248118022	0.591823925619299	-0.553633301967367	0.0968479833729996	0.676517363685858	no
ENSG00000174912.7	0.0434699244464096	0.249146560953209	0.851064129924423	0.592015860508453	-0.0714747596550255	0.844445259301324	0.986067398390811	no
ENSG00000251143.1	0.0995503393407894	0.20861811341135	0.646108766303326	0.597304263326846	-0.002877455811974	0.993705617527405	0.999722166142862	no
ENSG00000137642.13	0.0431723865976754	0.214934161239462	0.700795466452339	0.602362708809467	-0.00405170294620132	0.991137045303035	0.999620386632304	no
ENSG00000173166.18	0.189192276498423	0.410599167424641	0.756099620287936	0.607490077048445	-0.73949031504701	0.0145091226666433	0.426241880929049	no
ENSG00000166432.16	0.092299137025839	0.204485235553169	0.812161587420249	0.607784885966439	-0.480131257200414	0.160180721994636	0.755521108039865	no
ENSG00000244161.1	0.216422677429957	0.334206287372833	0.757065223283963	0.614173303098094	-0.870633101751509	0.00104521585584526	0.109536038888387	no
ENSG00000279759.1	0.200603851536755	0.367391162685588	0.745160521482832	0.619520542585045	-0.76734864342564	0.00957438047039304	0.372964334264167	no
ENSG00000290683.1	0.133761914011202	0.243695986296496	0.719615170400431	0.623283495251158	-0.256115689267826	0.475073084437585	0.91436480226145	no
ENSG00000232573.1	0.085650289489536	0.24403824659451	0.765200150495326	0.632501495277647	-0.207353444910351	0.565418508146958	0.935495088744409	no
ENSG00000164938.14	0.0738629283256058	0.20095813273744	0.743606186773783	0.63461549032818	-0.926019726989988	0.000119772005905416	0.0197583885741968	yes
ENSG00000230734.1	0.0677054669491993	0.284841068822382	0.758727027065505	0.635151246730533	-0.479143221383412	0.161167240334389	0.755582530494579	no
ENSG00000230084.8	0.239141691541932	0.303157726538729	0.786815668921819	0.645311051309617	-0.24951674469872	0.486913400133556	0.918852357860504	no
ENSG00000175793.12	0.0427933468472554	0.21808582048035	0.889119527943798	0.649250742381729	-0.42554978172767	0.220160092618827	0.797870425867915	no
ENSG00000280332.1	0.117573343684189	0.219607107239491	0.742549574098596	0.650826516581062	-0.493866584932044	0.146843037953947	0.739263717064439	no
ENSG00000111665.12	0.0550329673052944	0.211978227130753	0.810331859803529	0.653354260119255	-0.672130881409629	0.033255728176837	0.529128430733152	no
ENSG00000280039.1	0.135631134419885	0.254977678752885	0.77453386643235	0.666304063121852	-0.0247922701481612	0.945800231489544	0.995752236306468	no
ENSG00000173372.18	0.07617997313121	0.32466850391297	0.758201146450703	0.677447435245191	-0.282290016058097	0.429390348925823	0.901948999751615	no
ENSG00000029725.17	0.0935637880885029	0.269163768694576	0.785684599378894	0.686916248070109	-0.620977311357271	0.0553578399857464	0.5962429534531	yes
ENSG00000179277.9	0.125947946676428	0.265844779682914	0.783229628338207	0.695254915435771	-0.409120014628846	0.240401857786425	0.814065825751529	no
ENSG00000269825.3	0.157192210687228	0.232217494484619	0.786110648385999	0.698940784713685	-0.316953905652551	0.372217838306659	0.880196432712566	no
ENSG00000178502.6	0.207089324542642	0.216602791170255	0.791202448176261	0.720841452329249	-0.0899591559744428	0.804799145964014	0.980629694709592	yes
ENSG00000215908.12	0.119004887957216	0.216687304250577	0.846367598338636	0.734291579045691	-0.477203198966906	0.163114886245487	0.75759699777007	no
