Gene	mean_raw_r_sq	best_raw_r_sq	mean_rmse	min_rmse	cor_value_R2_RMSE	cor_pvalue	cor_padj_BH
ENST00000667630.1	0.0861566535107313	0.26256761758611	0.740463672004306	0.583209782311286	-0.773175715371817	0.125172882368563	0.493624245473324
ENST00000671092.1	0.0534640047411648	0.0432516257269302	0.746411713774121	0.634944408858941	-0.360170324189632	0.551534143506167	0.814374331679835
ENST00000658840.1	-0.0494432135948602	3.33066907387547e-16	2.77764554169583	0.878320836208839	-0.221809779942531	0.719916214335315	0.883097222917987
ENST00000653853.1	-0.000139283805747015	0	2.73134530926981	1.0573496257674	0.275839099796308	0.653296771203619	0.834349841302386
ENST00000652492.1	-0.00640232119337343	0.0278720199621646	3.52513587055857	1.49545317659217	-0.668281453595213	0.21757106453385	0.645694772164975
ENST00000665175.1	0.00370068010659534	0.0755003936696107	3.71262214650921	2.50799453015809	-0.743538520086631	0.149765211519246	0.529938440760408
ENST00000666076.1	0.0252171267892221	0.0789500362347125	3.74343706329439	2.6636758410088	-0.403610129267161	0.50042239337348	0.806102237257669
ENST00000523068.2	0.0138716322163099	0.00342683861870385	4.06741177192084	2.70104781492895	0.85794892725204	0.0628815799216234	0.392367358176863
ENST00000656693.1	0.0435780465706463	-0.0883351477784569	3.68198535719014	2.90730458266143	0.349915383857389	0.563740406121021	0.814374331679835
ENST00000667418.1	-0.0750823851156868	0.00564403457005214	4.85263336899563	3.04973998080076	-0.60346120448813	0.281237163150118	0.686724864116402
ENST00000523427.2	-0.0417929138352211	-0.293286261965708	4.17477997197692	3.09419330189461	0.56771144219007	0.318129968572555	0.686724864116402
ENST00000651664.1	0	0	3.90716984099332	3.16979623529988	NA	NA	NA
ENST00000689722.1	0.0786955699124386	0.378763083492647	4.55157560612442	3.19514648198416	-0.758467808086122	0.137214499244585	0.504949357220074
ENST00000667539.1	-0.0350924654652719	0.00107104340744735	4.38343589421976	3.24521154203183	0.332798364627744	0.584225064031186	0.814374331679835
ENST00000660069.1	0	0	4.18499317585032	3.26553997859414	NA	NA	NA
ENST00000666105.1	-0.0285788122072797	0	4.05670690314485	3.29803670067321	NA	NA	NA
ENST00000664610.1	-0.0024684579746705	0	4.41509115457171	3.3459250256599	NA	NA	NA
ENST00000663059.1	0	0	4.10989738900877	3.3747332067991	NA	NA	NA
ENST00000660659.1	0	0	3.65689429877115	3.4014121725547	NA	NA	NA
ENST00000517790.2	-0.032272386254794	-0.0215573336083419	4.58678886063657	3.44682998125914	-0.532812901702261	0.355228294958384	0.709386787431319
ENST00000690788.1	0	0	4.24683185455658	3.47497158451522	NA	NA	NA
ENST00000657517.1	0	0	4.71709814661515	3.50458290276054	NA	NA	NA
ENST00000669416.1	-0.0300813543813651	0.079163945940249	4.61859723651834	3.60142382407851	-0.392681950011338	0.513186096859494	0.806102237257669
ENST00000658305.1	0	0	4.82500716519959	3.61582482515575	NA	NA	NA
ENST00000692433.1	-0.0350679677019726	-0.159421506552798	4.60851250322236	3.66565484049727	0.872426940294692	0.0536391803957431	0.392367358176863
ENST00000668123.1	0	0	4.54858161238855	3.69515976262227	NA	NA	NA
ENST00000658350.1	0.000617272224009913	0	4.81138144614329	3.7229341008119	0.813054630756736	0.0942619301444689	0.433604878664557
ENST00000657667.1	-0.000575785042139598	0	4.43710970659081	3.75991649280184	NA	NA	NA
ENST00000666777.1	-0.00414355005850171	0	4.8966071025604	3.80430715863946	-0.0454409287185116	0.94216273011675	0.979208554284117
ENST00000670626.1	0.00283067767602101	-0.0597049097165248	4.69044598266213	3.86144183412167	0.574832517453759	0.310688300590565	0.686724864116402
ENST00000670532.1	-0.00511664919586212	-0.0104763472346534	5.21691387590518	3.91456096130116	0.393280203581843	0.51248565977415	0.806102237257669
ENST00000665698.1	-0.000362256194918009	0	4.85906596622317	3.92348205178706	NA	NA	NA
ENST00000663753.1	0	0	5.33848139804421	4.13782075511194	NA	NA	NA
ENST00000665372.1	-0.0203353299027965	0	4.95724825750067	4.14339519167272	0.294882626905955	0.630058401126673	0.834349841302386
ENST00000662410.1	-0.0196242184198098	-0.098121092099049	4.34034255808814	4.14650611798076	NA	NA	NA
ENST00000651568.1	0.0146276705760842	-0.000741046312484839	4.77699586822982	4.22780190028709	0.268703807773309	0.662038461033415	0.834349841302386
ENST00000654324.1	-0.324469613341211	0.0138986102168517	5.76179350392409	4.28537006197057	-0.550876858161548	0.335898031361283	0.686724864116402
ENST00000655148.1	-0.030219414208956	0	5.05435317459275	4.33570187810712	NA	NA	NA
ENST00000670602.1	0.025106346087524	0.0698696661363419	5.41721869219677	4.38029871121333	-0.856067142175743	0.0641162244577953	0.392367358176863
ENST00000662413.1	0.00849049680651626	0.0388324141682576	4.91355583721156	4.45238272396487	-0.50638869438515	0.383972762597679	0.720928452224214
ENST00000658556.1	-0.00162192259030096	0	5.23728518546931	4.47334466241393	0.0851697579215217	0.891689742969238	0.979208554284117
ENST00000651587.1	4.44089209850063e-17	0	5.06741389623089	4.51071853534	NA	NA	NA
ENST00000668619.1	0.00295170956163033	0.000201577853724877	4.88624149766984	4.56854824554931	-0.444105549716206	0.453727426632146	0.802748524041489
ENST00000656168.1	-0.0154555149722583	-0.0772775748612917	5.36702717366334	4.58346708879139	NA	NA	NA
ENST00000664924.1	0.270437121726793	0.371663299956118	5.05695791667842	4.62507457444074	-0.797414856335984	0.106068598725802	0.464681480132084
ENST00000656999.1	-0.0101621406262916	0	5.60504328028084	4.64450701800962	-0.0530954836412977	0.93242850776499	0.979208554284117
ENST00000665721.1	-0.0375429074654607	0	5.15653231871694	4.65617688081067	-0.55705494867671	0.329349140994475	0.686724864116402
ENST00000663461.1	0	0	4.91687874697936	4.71306898197648	NA	NA	NA
ENST00000523190.7	0	0	5.88607261122281	4.75732113502076	NA	NA	NA
ENST00000521122.2	0.0704613254014035	0.169437293360637	5.52608657981339	4.76192427996937	-0.862733498865763	0.0597764664367968	0.392367358176863
ENST00000664214.1	-0.0201247258605856	0	5.5489991684151	4.78727281020232	0.0414197334893844	0.947277840557461	0.979208554284117
ENST00000656402.1	-0.0196455760004085	-0.0549467577336562	5.63380045454852	4.83799613956425	0.768737890367174	0.128771542297389	0.493624245473324
ENST00000670204.1	-0.0174858159333175	0.000236216627043762	5.67803528764308	4.87570814924842	-0.645158570350506	0.239771985359359	0.668455231910941
ENST00000657451.1	0	0	5.8891787008787	4.93681029485651	NA	NA	NA
ENST00000660200.1	0.0110031029516392	0	5.69143992570742	5.02249453990391	-0.175520214860485	0.777673550569791	0.929168398083387
ENST00000522414.2	0.0407135971439331	0.112260467168216	5.82309775287067	5.03620333212943	-0.918049375190346	0.0278131627374272	0.284312330204812
ENST00000653522.1	-0.00586602393875939	0	6.10871374473812	5.11721499949173	NA	NA	NA
ENST00000660438.1	0	0	5.94157836718505	5.15704468190511	NA	NA	NA
ENST00000657449.1	-0.0200529537324144	0	5.80360442778535	5.24764759898702	-0.43225699242358	0.46728795529634	0.806102237257669
ENST00000668098.1	-0.0132708493181932	-0.0663542465909659	6.19374537745071	5.25342625465705	NA	NA	NA
ENST00000660456.1	-0.00408565756854822	-0.00848318003795856	5.76518758046725	5.26449857199177	0.336017887136107	0.580361841804004	0.814374331679835
ENST00000664995.1	-0.000172533452245083	0.0724809912955607	5.7881130452564	5.27824787147539	0.000701489895154088	0.99910683539851	0.99910683539851
ENST00000657112.1	-0.0194378596958913	0.0287260327094121	5.78664039215504	5.30902199324797	-0.816797378902489	0.0915000766481362	0.433604878664557
ENST00000657297.1	0.0376138029691687	0.031842440032578	5.72785691032287	5.32110465946987	-0.459187989583587	0.436594328450484	0.796627903791644
ENST00000652816.1	-0.0680129269626671	-0.0408150612392428	6.2106103038351	5.32785216574654	-0.507242021941912	0.383036148573283	0.720928452224214
ENST00000521951.1	0.013626053407239	0.0335783624339087	5.72995740728771	5.40355872070096	-0.39244610337757	0.513462280302382	0.806102237257669
ENST00000520913.2	-0.000563399509889795	0	6.42012308620258	5.46990809850145	NA	NA	NA
ENST00000655099.1	-0.017364549200918	0	5.74568505974312	5.49489269535646	NA	NA	NA
ENST00000654105.1	-0.0686123370028247	-0.00569566958867007	6.20608645930465	5.49665445878378	-0.700480024213326	0.187684074253116	0.616676243974524
ENST00000656077.1	-0.00544281088454424	0.0286035810352437	6.10131455070703	5.57256148574482	-0.340390846527923	0.575122119246076	0.814374331679835
ENST00000656411.1	-0.040365261239177	0.00707626995975863	6.14848108536195	5.62654839140307	-0.922515772103043	0.0255882589709921	0.284312330204812
ENST00000653497.1	-0.0149765176690676	-0.0606016659764776	5.9043709480514	5.62753032446026	0.233020494330431	0.706016377165761	0.877750090530406
ENST00000670223.1	-0.00577379171120467	-0.00948454763296569	6.10519449539836	5.70766884773947	0.352254252695126	0.560952031432351	0.814374331679835
ENST00000652993.1	0.0361055895603685	0.0361401841321236	6.11311930709667	5.75021588339099	-0.605760102578586	0.278905708791902	0.686724864116402
ENST00000664265.1	-0.0236411083110189	0	5.99643384250665	5.75673156450645	-0.566349330335926	0.319558501437592	0.686724864116402
ENST00000685634.1	0	0	6.25563222022957	5.75740501676249	NA	NA	NA
ENST00000669407.2	-0.0253895028795104	-0.0370639194366134	6.2359041377132	5.76712978531245	-0.618680914192459	0.26589811929472	0.686724864116402
ENST00000655594.1	-0.0215420343561764	0.0706214118543893	6.24558324438955	5.76932220150017	-0.977577952123787	0.00401680451182885	0.0739092030176509
ENST00000658242.1	-0.0575065157999424	-0.0471630926071274	6.58952063073877	5.80304630768362	-0.0172118096861739	0.978086325347133	0.995589060817523
ENST00000659326.1	-0.0255361491672117	-0.000113837856976495	6.21023217799772	5.80362719859814	-0.988410703938584	0.00149507516464963	0.0687734575738829
ENST00000523328.6	-0.0100768986300023	0	6.16370210441788	5.8145560291932	NA	NA	NA
ENST00000669509.1	0.0180240175342587	0.000975720613050846	6.10757061640648	5.81637664561018	0.0689975088324564	0.912219397351417	0.979208554284117
ENST00000665856.1	-0.0162778954575957	0	6.08199729161622	5.87957721169648	-0.828218350109407	0.0832298986561302	0.433604878664557
ENST00000666776.1	-0.012669877653379	0.0324568782861158	6.17162797191477	5.88318370293798	-0.623176570643692	0.26141123721923	0.686724864116402
ENST00000652695.1	-0.108328791757858	-0.0218078462567317	6.32157966525772	5.90216897365434	-0.993201169353995	0.000672266999161806	0.0618485639228861
ENST00000518528.2	0.0415372940159547	0.00496078822058166	6.09826568294987	5.92346737435587	-0.270338573753175	0.660034037736268	0.834349841302386
ENST00000669132.1	-0.0359436909113873	-0.00546169340148106	6.60543633310092	5.96780637850028	-0.895319312473294	0.0400123584711205	0.334648816303917
ENST00000524165.6	-0.0148595685612195	0	6.27763899253039	6.02231561938614	0.131705629485625	0.832793263961914	0.961605643263044
ENST00000658158.1	0.00093655845999614	-0.0147211563387659	6.29608199730069	6.04790607489381	-0.212537109244411	0.731440718544995	0.885428238238678
ENST00000659892.1	0.0414721995957138	0.0549488983839546	6.49793248992663	6.06342099330877	-0.52616926552981	0.362404119666	0.709386787431319
ENST00000658429.1	-0.00890200314994463	0	6.43455767577827	6.06902358640868	-0.113925114061125	0.855260427595286	0.971406905416867
ENST00000653406.1	-0.000279042785851491	0	6.328132534988	6.07403344113713	0.346953079815912	0.567275765423889	0.814374331679835
ENST00000652883.1	-0.00163052577921974	0	6.54420526661233	6.10841582872459	0.302696577021313	0.620563881510237	0.834349841302386
ENST00000659666.1	-0.00563464820601252	0	6.41627287240138	6.15470426118371	-0.773469794812854	0.124935486788183	0.493624245473324
ENST00000659106.1	-0.0369488406403634	0.00219069462404964	6.68923620759686	6.17053721038856	-0.905227535478038	0.0345211250880639	0.317594350810188
ENST00000668215.1	0	0	6.4628257010126	6.19692761536782	-0.454760147471333	0.441608946667107	0.796627903791644
ENST00000669272.1	-0.00769049895356781	0	6.39438616584085	6.21508294365133	-0.584103136321495	0.301068405720323	0.686724864116402
ENST00000657693.1	-0.0138946957097366	0.0189017202304668	6.55156506435586	6.2157360851942	-0.72748508955873	0.163612755951452	0.557495316575318
ENST00000702532.1	-0.0271007665839917	0	6.57362013486547	6.27755056005895	-0.9788140308536	0.00368995772609695	0.0739092030176509
ENST00000666147.1	0	0	6.91567077017076	6.34733054639965	NA	NA	NA
ENST00000522875.5	-0.0476680887052234	-2.22044604925031e-16	6.90602394473222	6.35115413179867	-0.849865304922872	0.0682378014220632	0.392367358176863
ENST00000653990.1	0.000768311553988843	0.0128959335619143	6.70866051281488	6.44699046325316	0.0119639095989045	0.984767440591246	0.995589060817523
ENST00000654091.1	0.0226742247441044	0.0612569244819967	6.69799752205526	6.47504099268541	-0.415660107285502	0.486426320588384	0.806102237257669
ENST00000657356.1	0.00562872761742821	0	6.72398820111014	6.48417839130597	0.129023731972249	0.836178820228734	0.961605643263044
ENST00000662766.1	-0.00453493776665019	0	7.04114200799807	6.53747327237332	NA	NA	NA
ENST00000690350.1	0.00443198004083525	0	6.82987666667103	6.61291994638103	-0.287291233787107	0.639305480588422	0.834349841302386
ENST00000658065.1	-0.000275613873791714	0.0902645675824926	6.97260513505273	6.61395663560272	-0.963664791860684	0.00826882990739418	0.126788725246711
ENST00000657211.1	-0.000567376793792729	0	6.97078631055108	6.63112941265142	NA	NA	NA
ENST00000670009.1	0.0370824893930328	-0.0353934475726279	7.63081725713451	6.73511028481385	0.683901926206999	0.202917299012388	0.622279716971324
ENST00000657289.1	0.0375320814145402	0.0800495869742804	7.07518809658386	6.81571675118898	-0.155854535217717	0.802366168342068	0.946380608813721
ENST00000692980.1	-0.00183322899492153	-0.00916614497460766	6.99522780921262	6.83903693270274	NA	NA	NA
ENST00000513868.6	-0.0243106775999144	0.0156162453633845	7.00285699856083	6.83957226259329	-0.953743253943551	0.0118593249509647	0.15586541364125
ENST00000660631.1	-0.0452480500925963	0	7.06771379978623	6.89810188566979	-0.600570184684262	0.284176349820777	0.686724864116402
ENST00000667305.1	-0.00202620863937715	0.0573647036069698	7.36532266902929	7.00558249596487	-0.824306397892061	0.0860355224530583	0.433604878664557
ENST00000665737.1	0.00652997819077028	0.021870933114651	7.31132683857379	7.10444633213917	-0.647684644583013	0.237318015220085	0.668455231910941
ENST00000667204.1	-0.0304299749532349	0	7.32610539033331	7.11361085782083	-0.981194549568267	0.00308695714744259	0.0739092030176509
ENST00000667714.1	-0.0122822278373528	0	7.4003483799394	7.2248627599337	NA	NA	NA
ENST00000517838.6	0.00818208528680147	0.0160524961355331	7.44904580636479	7.24048224564735	-0.304413758411093	0.618480665546429	0.834349841302386
ENST00000504719.7	NA	0.0401791964212063	NA	NA	-0.0907344177752668	0.909265582224733	0.979208554284117
ENST00000512617.7	NA	0.0272242105406914	NA	NA	NA	NA	NA
ENST00000521600.5	NA	0	NA	NA	NA	NA	NA
ENST00000522963.6	NA	-0.0482252206497089	NA	NA	NA	NA	NA
ENST00000650846.1	NA	-0.0143526438468935	NA	NA	0.801080012297812	0.198919987702188	0.622279716971324
ENST00000650930.1	NA	0	NA	NA	-0.483043130454321	0.516956869545679	0.806102237257669
ENST00000652728.1	NA	0	NA	NA	NA	NA	NA
ENST00000653608.1	NA	0	NA	NA	NA	NA	NA
ENST00000655783.1	NA	0	NA	NA	NA	NA	NA
ENST00000656396.1	NA	0	NA	NA	NA	NA	NA
ENST00000656491.1	NA	0	NA	NA	NA	NA	NA
ENST00000656880.1	NA	0.042459656674357	NA	NA	0.0551251010865802	0.94487489891342	0.979208554284117
ENST00000656948.1	NA	0	NA	NA	NA	NA	NA
ENST00000657183.1	NA	-0.0399737612515134	NA	NA	NA	NA	NA
ENST00000657596.1	NA	0	NA	NA	NA	NA	NA
ENST00000657945.1	NA	0	NA	NA	NA	NA	NA
ENST00000659625.1	NA	0	NA	NA	NA	NA	NA
ENST00000659912.1	NA	0.141050075969019	NA	NA	-0.0530476624581814	0.946952337541819	0.979208554284117
ENST00000660122.1	NA	0	NA	NA	NA	NA	NA
ENST00000660781.1	NA	0.191773968100479	NA	NA	-0.671153461923956	0.328846538076044	0.686724864116402
ENST00000660912.1	NA	0	NA	NA	NA	NA	NA
ENST00000661160.1	NA	0	NA	NA	NA	NA	NA
ENST00000661205.1	NA	0	NA	NA	NA	NA	NA
ENST00000661988.1	NA	0	NA	NA	NA	NA	NA
ENST00000662061.1	NA	0	NA	NA	NA	NA	NA
ENST00000662709.1	NA	0	NA	NA	NA	NA	NA
ENST00000663715.2	NA	0	NA	NA	NA	NA	NA
ENST00000664139.1	NA	0	NA	NA	NA	NA	NA
ENST00000664293.1	NA	0	NA	NA	NA	NA	NA
ENST00000664299.1	NA	0	NA	NA	NA	NA	NA
ENST00000664742.1	NA	0	NA	NA	NA	NA	NA
ENST00000666223.1	NA	0	NA	NA	NA	NA	NA
ENST00000666353.1	NA	0	NA	NA	NA	NA	NA
ENST00000666452.1	NA	0	NA	NA	NA	NA	NA
ENST00000666878.1	NA	0	NA	NA	NA	NA	NA
ENST00000667149.1	NA	0	NA	NA	NA	NA	NA
ENST00000668479.1	NA	0	NA	NA	NA	NA	NA
ENST00000668480.1	NA	0	NA	NA	NA	NA	NA
ENST00000669082.1	NA	0	NA	NA	NA	NA	NA
ENST00000670714.1	NA	-0.0297803720694882	NA	NA	NA	NA	NA
ENST00000670795.1	NA	0	NA	NA	NA	NA	NA
ENST00000671088.1	NA	0	NA	NA	NA	NA	NA
ENST00000671587.1	NA	0	NA	NA	NA	NA	NA
ENST00000685606.2	NA	0	NA	NA	NA	NA	NA
ENST00000700930.1	NA	0	NA	NA	NA	NA	NA
ENST00000701558.1	NA	0	NA	NA	NA	NA	NA
ENST00000701700.1	NA	0	NA	NA	NA	NA	NA
ENST00000701841.1	NA	0	NA	NA	NA	NA	NA
ENST00000701958.1	NA	0	NA	NA	NA	NA	NA
ENST00000702405.1	NA	0	NA	NA	NA	NA	NA
